/PNum,uh,uha,ppt,ppta,reflc,reflca,ref1km,ref1kma,WMAG,WMAGa,time,area,member,Date,Reports,UHobj,NREPS,MREPS,lat,lon,uhlength,uharea,1kmArea,Updraft,Updrafta,Upobj,Uparea,Uplen
0,7.5625,2.70652,53,21.75,52.25,41.8424,52.25,39.6087,11,8.6087,14,23,sseo02,140603,0,NA,0,000,23.3463,-73.0396,NA,NA,20,7.3125,3.42935,NA,NA,NA
1,9.6875,1.21069,40.125,37.625,51.875,40.3278,51.25,37.9057,14,11.3962,14,159,sseo02,140603,0,NA,0,000,24.5138,-83.1611,NA,NA,148,13.5625,4.01179,13.5625,46,81.2684
2,3.1875,1.02591,13.875,0.125,45.25,39.9909,44.25,39.0122,5,3.78049,14,41,sseo02,140603,0,NA,0,000,36.9599,-82.1762,NA,NA,41,5.9375,2.66463,NA,NA,NA
3,0.75,0.416667,5.625,0,48.625,40.625,43.5,37.5208,3,2.41667,14,12,sseo02,140603,0,NA,0,000,36.4201,-82.7401,NA,NA,12,2.875,1.80729,NA,NA,NA
4,9.625,1.30478,78.375,50,54.25,39.483,53.75,37.2677,16,11.6914,14,162,sseo02,140603,0,NA,0,000,25.3741,-84.2386,NA,NA,160,12.4375,2.47222,12.4375,12,22.347
5,0.5,0.135417,14.75,0.5,45.75,39.7917,43.25,37.0729,10,9.33333,14,12,sseo02,140603,0,NA,0,000,24.7099,-83.8644,NA,NA,12,5.5625,2.5,NA,NA,NA
6,5.625,0.983631,29.875,21.375,49.75,39.8542,49.625,38.506,14,12.8333,14,84,sseo02,140603,0,NA,0,000,25.9913,-84.7173,NA,NA,82,7.9375,2.38616,NA,NA,NA
7,17.625,1.32659,69.75,104.5,55.5,39.5647,55.25,37.7171,15,10.7302,14,315,sseo02,140603,0,NA,0,000,26.668,-85.9279,NA,NA,306,9.5625,2.82917,NA,NA,NA
8,9,1.33408,36.25,22.875,53.625,40.7783,53.25,38.7634,13,8.59524,14,84,sseo02,140603,0,NA,0,000,25.9299,-85.7222,NA,NA,78,10.75,3.74405,10.75,16,35.7388
9,6.0625,1.62812,39,10.875,52.25,41.2781,52.125,37.4406,13,11.225,14,40,sseo02,140603,0,NA,0,000,27.5343,-85.8018,NA,NA,34,8.8125,3.55,NA,NA,NA
10,1.125,0.529605,11.125,3.75,45.375,40.375,44.375,37.9803,12,10.0526,14,19,sseo02,140603,0,NA,0,000,28.4802,-86.0641,NA,NA,18,5,3.17434,NA,NA,NA
11,3.875,0.830163,28.125,11.5,51.75,40.0109,51.75,38.3587,14,9.78261,14,46,sseo02,140603,0,NA,0,000,29.5058,-86.2313,NA,NA,45,8.5625,3.3981,NA,NA,NA
12,0.875,0.306452,42.625,18.875,48.875,41.1089,48.625,39.2177,10,6.16129,14,31,sseo02,140603,0,NA,0,000,26.1517,-86.4259,NA,NA,29,6.4375,2.5504,NA,NA,NA
13,1.625,0.96875,37,20.125,45.625,39.375,43.25,31.7625,7,5,14,10,sseo02,140603,0,NA,0,000,25.7558,-86.3302,NA,NA,6,8.5,4.2125,NA,NA,NA
14,1.625,0.620536,29.125,22.125,47.5,41.4911,46.75,39.5268,9,7.78571,14,14,sseo02,140603,0,NA,0,000,29.8971,-87.231,NA,NA,14,7.3125,3.45536,NA,NA,NA
15,0.5625,0.282895,22.25,5.25,47.625,39.4408,47.375,35.8355,8,6.15789,14,19,sseo02,140603,0,NA,0,000,29.7835,-87.5262,NA,NA,16,4.6875,2.69408,NA,NA,NA
16,1.75,0.85,23.5,0.375,49.75,40.2625,49.625,37.175,8,6,14,10,sseo02,140603,0,NA,0,000,29.9264,-88.0415,NA,NA,8,6.875,3.95,NA,NA,NA
17,0.375,0.125,16.875,1.125,47.125,40.1406,45.875,38.8125,8,7.25,14,8,sseo02,140603,0,NA,0,000,26.5376,-88.4132,NA,NA,8,5.6875,2.51562,NA,NA,NA
18,20.75,3.17301,12.625,2.25,47.125,37.7971,44.375,32.9614,7,4.28019,14,207,sseo02,140603,0,NA,0,000,43.4519,-99.6987,NA,NA,161,9.375,3.06914,NA,NA,NA
19,20.4375,7.05625,8.375,5.875,45.75,37.9696,43.375,30.3667,11,6.91905,14,210,sseo02,140603,0,NA,0,000,43.8937,-100.7,NA,NA,137,12.25,4.91577,15.875,154,194.815
20,12.75,4.375,3,0,45,38.2083,40,30.1583,7,6.6,14,15,sseo02,140603,0,NA,0,000,44.1201,-101.511,NA,NA,11,12.5,5.45,15.875,154,194.815
21,8.6875,3.2775,55.625,53,49.75,41.175,48.875,39.31,11,9.52,15,25,sseo02,140603,0,NA,0,000,23.2684,-73.1386,NA,NA,22,10.75,4.09,NA,NA,NA
22,1.8125,0.383523,9.125,6.25,44.875,39.2528,43.75,38.5455,5,3.20455,15,44,sseo02,140603,0,NA,0,000,45.9211,-75.326,NA,NA,44,2.75,1.37642,NA,NA,NA
23,9.125,1.33211,69,40.125,53.875,40.9126,53.75,38.277,14,11.4902,15,153,sseo02,140603,0,NA,0,000,24.6208,-83.259,NA,NA,145,14.5,3.48734,14.5,29,63.8665
24,4,0.700321,45.125,4.625,51.75,41.7724,50.125,39.8141,12,10.6667,15,39,sseo02,140603,0,NA,0,000,24.8342,-84.0115,NA,NA,37,13.4375,3.83013,13.4375,6,17.3311
25,9,1.48065,68,78.375,51.375,39.1042,50.625,36.3929,12,10.6905,15,42,sseo02,140603,0,NA,0,000,25.2186,-84.0838,NA,NA,38,8.625,2.36012,NA,NA,NA
26,17.625,1.34562,70.875,60.125,53.625,40.9715,53.5,38.4015,16,10.9484,15,368,sseo02,140603,0,NA,0,000,26.2806,-85.6914,NA,NA,340,13.0625,3.37075,13.0625,36,56.1133
27,2.5625,0.698333,33.25,19.625,48.625,39.5167,48.5,38.02,13,10.9333,15,75,sseo02,140603,0,NA,0,000,27.4503,-86.0971,NA,NA,75,7.375,2.34833,NA,NA,NA
28,3.3125,1.05444,22.625,9.875,48.75,39.2218,48.625,37.2218,12,9.29032,15,31,sseo02,140603,0,NA,0,000,28.512,-86.3727,NA,NA,30,8,3.52016,NA,NA,NA
29,1.1875,0.48,39.625,42.625,46.125,40.485,45.75,38.91,9,8.04,15,25,sseo02,140603,0,NA,0,000,26.1046,-86.4711,NA,NA,24,4.625,2.56,NA,NA,NA
30,7.0625,1.62604,32.125,17.125,51.5,42.7,51.5,40.3271,14,9.86667,15,60,sseo02,140603,0,NA,0,000,29.5416,-86.5005,NA,NA,56,8.75,4.32292,NA,NA,NA
31,0.875,0.284375,25.625,5,48.25,40.0563,47.5,37.7625,9,7.35,15,20,sseo02,140603,0,NA,0,000,29.9596,-87.4474,NA,NA,19,8,4.11875,NA,NA,NA
32,1.25,0.232955,22.25,8.25,47.625,37.1098,47.125,36.1174,9,6.63636,15,33,sseo02,140603,0,NA,0,000,29.849,-87.9298,NA,NA,33,6.3125,2.55114,NA,NA,NA
33,13.625,3.01087,12.25,1,46.375,38.0924,42.875,35.0426,7,3.63043,15,138,sseo02,140603,0,NA,0,000,43.2618,-99.161,NA,NA,126,7.5,2.69293,NA,NA,NA
34,1.5,0.506944,28.25,0.625,47,41.0278,46.75,40.1111,10,8.66667,16,9,sseo02,140603,0,NA,0,000,23.2144,-72.2489,NA,NA,9,4.1875,2.41667,NA,NA,NA
35,2.375,0.482422,31.625,45.125,47.375,39.3945,47.25,38.6367,10,9.875,16,32,sseo02,140603,0,NA,0,000,23.313,-73.1926,NA,NA,32,5.6875,2.14258,NA,NA,NA
36,2.1875,1.11384,12.625,0.375,45.125,39.2946,44.25,38.0938,6,4.71429,16,28,sseo02,140603,0,NA,0,000,43.7728,-76.0777,NA,NA,28,2.625,1.39732,NA,NA,NA
37,0.4375,0.153409,5.625,0.375,45.5,38.4659,44.875,36.0227,10,8.90909,16,11,sseo02,140603,0,NA,0,000,24.3765,-82.2288,NA,NA,10,4.4375,2.60227,NA,NA,NA
38,1,0.302885,14.625,2.75,46.375,40.1346,45.875,35.3269,10,8.46154,16,13,sseo02,140603,0,NA,0,000,24.1299,-83.0216,NA,NA,10,5.3125,3.08173,NA,NA,NA
39,6.25,0.981061,55.5,29.375,54.125,41.483,53.625,39.6648,16,12,16,66,sseo02,140603,0,NA,0,000,24.8652,-83.2809,NA,NA,65,11.5625,3.77936,11.5625,21,42.4768
40,5.75,1.47635,28.875,29.5,49.875,42.2061,49.5,40.8311,14,12.1622,16,37,sseo02,140603,0,NA,0,000,24.7998,-83.867,NA,NA,36,8.375,3.57939,NA,NA,NA
41,11.0625,1.51969,76.75,68,52.25,41.7586,51.625,39.1524,14,11.1781,16,73,sseo02,140603,0,NA,0,000,24.9817,-84.203,NA,NA,66,10.8125,3.20205,10.8125,11,30.9399
42,8.8125,1.42419,81.625,70.875,53.125,41.4221,52.875,39.9279,16,11.5741,16,324,sseo02,140603,0,NA,0,000,26.1951,-85.7947,NA,NA,315,9.9375,3.3071,NA,NA,NA
43,0.625,0.326389,9.375,0.875,45.125,40.5417,44.75,38.25,12,10.4444,16,9,sseo02,140603,0,NA,0,000,27.6808,-86.2148,NA,NA,9,3.5,2.35417,NA,NA,NA
44,2.9375,1.40625,12.875,22.625,45.375,39.7969,45,36.4688,12,10.5,16,8,sseo02,140603,0,NA,0,000,28.4896,-86.2721,NA,NA,8,5.125,3.17969,NA,NA,NA
45,2.125,0.52381,28.625,8.875,45.125,39.8155,45,36.1964,12,9.71429,16,21,sseo02,140603,0,NA,0,000,27.1983,-86.4693,NA,NA,19,3.375,1.90774,NA,NA,NA
46,1.25,0.433333,21.625,12.375,45.125,40.0417,44.75,38.5833,12,11.3333,16,15,sseo02,140603,0,NA,0,000,26.4684,-86.5159,NA,NA,15,2.875,1.57083,NA,NA,NA
47,2.0625,0.791667,15.5,0.625,49.75,41.2333,49.625,40.3417,10,9.6,16,15,sseo02,140603,0,NA,0,000,28.1834,-86.588,NA,NA,15,4.75,3.12083,NA,NA,NA
48,0.5625,0.09375,17.75,0.125,46.75,39.9792,46.25,38.5278,12,10,16,18,sseo02,140603,0,NA,0,000,27.6876,-86.5896,NA,NA,18,4.875,2.38194,NA,NA,NA
49,9,1.1145,28.625,29,52.75,40.3454,52.625,38.0525,14,9.96947,16,131,sseo02,140603,0,NA,0,000,29.5693,-86.888,NA,NA,126,8.75,3.10639,NA,NA,NA
50,1.625,0.698864,21.625,7.875,49.75,40.9432,49.625,36.7386,10,8.18182,16,11,sseo02,140603,0,NA,0,000,26.611,-86.7447,NA,NA,10,4.3125,1.89205,NA,NA,NA
51,0,0,6.75,5.625,45.125,39.4625,45,38.925,10,8.4,16,10,sseo02,140603,0,NA,0,000,28.6857,-86.8313,NA,NA,10,3,1.7375,NA,NA,NA
52,1.25,0.572917,21.125,0.125,48.875,40.9375,48.375,34.1146,8,5.5,16,12,sseo02,140603,0,NA,0,000,29.1445,-87.211,NA,NA,7,7.875,3.10938,NA,NA,NA
53,0.6875,0.235577,11.875,8.5,44.375,39.375,43.375,35.8365,10,8.46154,16,13,sseo02,140603,0,NA,0,000,25.8412,-87.3376,NA,NA,11,5.3125,2.76923,NA,NA,NA
54,0.3125,0.0729167,21.625,8.25,47.875,38.9167,47.625,36.9583,8,7,16,18,sseo02,140603,0,NA,0,000,25.7886,-87.8361,NA,NA,17,5.375,2.71875,NA,NA,NA
55,1.3125,0.61875,10.625,0.25,45.375,40.5125,43.5,32.4125,12,10.6,16,10,sseo02,140603,0,NA,0,000,24.7354,-92.1734,NA,NA,8,8.875,3.29375,NA,NA,NA
56,1.4375,0.652778,9.5,0.125,45.875,38.2778,44.75,33.6806,10,9.11111,16,9,sseo02,140603,0,NA,0,000,25.1232,-92.8289,NA,NA,6,4.5,2.21528,NA,NA,NA
57,6.8125,3.45346,2.875,0.625,46.25,37.2074,39.125,26.5426,10,7.91489,16,47,sseo02,140603,0,NA,0,000,44.4598,-101.168,NA,NA,27,14.5625,7.57447,16.0625,117,234.789
58,0.9375,0.401042,15.875,23.875,46.375,39.5521,46.375,38.7292,10,9,17,12,sseo02,140603,0,NA,0,000,23.283,-73.0464,NA,NA,12,3,1.71354,NA,NA,NA
59,2.25,0.725962,30.25,20.875,45.875,39.3558,45.125,37.3558,10,9.30769,17,13,sseo02,140603,0,NA,0,000,23.1783,-73.3638,NA,NA,12,4.1875,2.20192,NA,NA,NA
60,1.25,0.63125,11.125,0,49.75,42.6625,45.625,38.375,6,3.8,17,10,sseo02,140603,0,NA,0,000,41.4938,-74.7347,NA,NA,10,7,4.05,NA,NA,NA
61,0.9375,0.399306,6.625,2.375,44.625,38.6157,43.875,37.8171,5,4.40741,17,54,sseo02,140603,0,NA,0,000,47.062,-74.3211,NA,NA,54,1.8125,1.24306,NA,NA,NA
62,0.875,0.480263,5,0.125,45.75,40.3618,45.625,39.1645,7,6,17,19,sseo02,140603,0,NA,0,000,44.1417,-75.562,NA,NA,19,2.25,1.43421,NA,NA,NA
63,1.75,0.44375,11.5,0,47.75,39.0958,45.875,33.8417,7,5.66667,17,30,sseo02,140603,0,NA,0,000,45.2,-78.9495,NA,NA,21,9.5,4.24792,NA,NA,NA
64,3.0625,1.23125,10.75,1,51.125,41.725,49.875,36.2875,11,10.3,17,10,sseo02,140603,0,NA,0,000,24.4866,-82.0432,NA,NA,8,7.875,4.4125,NA,NA,NA
65,3.25,1.25806,26.125,2.75,48.875,41.6371,47.5,38.6371,12,9.93548,17,31,sseo02,140603,0,NA,0,000,24.4013,-82.416,NA,NA,29,8.5625,4.53629,NA,NA,NA
66,1.9375,0.452446,22.375,9.875,47.5,39.5027,47.125,37.6712,11,8.15217,17,46,sseo02,140603,0,NA,0,000,24.2363,-82.9543,NA,NA,45,7.875,3.35054,NA,NA,NA
67,9.375,1.10938,76.25,76.75,53.625,41.5799,53,39.2631,15,11.6163,17,172,sseo02,140603,0,NA,0,000,24.975,-83.9171,NA,NA,161,12.375,3.11991,NA,NA,NA
68,8.4375,1.52702,51.5,81.625,52.375,40.5858,52,39.1419,17,10.7624,17,303,sseo02,140603,0,NA,0,000,26.1061,-85.9715,NA,NA,298,8.5625,2.71638,NA,NA,NA
69,3.0625,1.41912,18.875,25.25,49.125,41.0515,49,38.0735,12,11.0588,17,17,sseo02,140603,0,NA,0,000,28.5122,-86.5414,NA,NA,17,7.125,3.76471,NA,NA,NA
70,0.3125,0.125,11.875,5.625,46.25,40.7344,46,39.8438,10,9,17,8,sseo02,140603,0,NA,0,000,28.2764,-86.6318,NA,NA,8,3.875,2.63281,NA,NA,NA
71,7,1.1454,27.625,27.875,51,40.1372,50.875,38.2101,15,10.5,17,144,sseo02,140603,0,NA,0,000,29.494,-87.3117,NA,NA,135,9.1875,3.11589,NA,NA,NA
72,0.75,0.287829,18.375,6.375,50.5,39.9507,49.75,37.2993,10,8.23684,17,38,sseo02,140603,0,NA,0,000,28.7661,-87.1232,NA,NA,33,5.875,2.73191,NA,NA,NA
73,1.625,0.6875,12.625,0.125,47.375,41.125,47.125,35.925,11,10,17,10,sseo02,140603,0,NA,0,000,25.075,-92.3947,NA,NA,8,6.9375,3.15625,NA,NA,NA
74,1.3125,0.5275,13.125,2.5,45.5,39.14,43.875,33.38,10,9.28,17,25,sseo02,140603,0,NA,0,000,25.3208,-92.8501,NA,NA,20,7.3125,2.825,NA,NA,NA
75,2.8125,0.965625,42.75,20.75,49.375,41.8875,48.875,40.9437,10,8.3,18,20,sseo02,140603,0,NA,0,000,23.1803,-73.1234,NA,NA,20,5.8125,2.64687,NA,NA,NA
76,4.5,1.04596,12.625,5.375,49.5,40.239,48.625,35.1029,7,4.52941,18,34,sseo02,140603,0,NA,0,000,44.9349,-73.702,NA,NA,26,10.6875,4.03125,NA,NA,NA
77,0.6875,0.101293,12.125,0.75,45.125,38.5905,44.625,36.8879,7,5.44828,18,29,sseo02,140603,0,NA,0,000,41.5914,-74.5449,NA,NA,29,7.375,3.17026,NA,NA,NA
78,1.0625,0.330882,12.5,0,45.75,39.8603,43.625,37.6728,7,5.29412,18,34,sseo02,140603,0,NA,0,000,42.3739,-74.5526,NA,NA,32,10.3125,4.59743,NA,NA,NA
79,1.1875,0.383523,10.5,5.375,46.125,39.7386,44.625,37.6648,7,5.31818,18,22,sseo02,140603,0,NA,0,000,41.3149,-75.0106,NA,NA,21,7.5625,3.95739,NA,NA,NA
80,1.8125,0.413603,7.625,3.5,45.75,37.7623,45.375,37.1348,7,4.69608,18,102,sseo02,140603,0,NA,0,000,47.4628,-73.8442,NA,NA,102,2.6875,1.26593,NA,NA,NA
81,1.0625,0.539062,5.75,0,46,40.6771,44.25,38.6302,6,5.41667,18,24,sseo02,140603,0,NA,0,000,44.532,-75.0844,NA,NA,24,2.875,1.84375,NA,NA,NA
82,2.4375,1.11538,7,0,49,41.1058,46.375,39.1154,6,5.23077,18,13,sseo02,140603,0,NA,0,000,43.6449,-75.2481,NA,NA,13,4.5,2.38462,NA,NA,NA
83,0.125,0.0454545,5,0.125,44.5,40.125,43.375,38.4091,6,5.09091,18,11,sseo02,140603,0,NA,0,000,49.8348,-76.1009,NA,NA,11,2.3125,1.54545,NA,NA,NA
84,0.1875,0.075,3.875,1,46.75,40.275,43.875,37.8,7,6.8,18,10,sseo02,140603,0,NA,0,000,49.1516,-76.6715,NA,NA,10,2.6875,1.51875,NA,NA,NA
85,0.125,0.01875,6.25,0.375,48.625,40.3125,45.875,36.8,6,6,18,10,sseo02,140603,0,NA,0,000,47.6492,-77.3869,NA,NA,9,7.4375,2.84375,NA,NA,NA
86,5.0625,1.07537,7.25,0.5,48.875,40.1103,47.125,33.2059,7,5.52941,18,34,sseo02,140603,0,NA,0,000,47.2771,-77.8856,NA,NA,26,8.5,3.8511,NA,NA,NA
87,1.9375,0.403846,4,0,46.75,39.3173,45.25,25.4904,8,7,18,13,sseo02,140603,0,NA,0,000,46.6254,-78.0855,NA,NA,4,8.25,3.21154,NA,NA,NA
88,10.3125,2.37132,24.875,0.625,47.875,40.5368,46.625,36.8088,8,6.21569,18,51,sseo02,140603,0,NA,0,000,45.4944,-78.5617,NA,NA,46,9.125,3.31127,NA,NA,NA
89,2.5625,0.950893,11.375,0.5,49,40.9821,48.5,39.1696,11,10.2143,18,14,sseo02,140603,0,NA,0,000,24.3984,-81.7585,NA,NA,14,5.875,3.55357,NA,NA,NA
90,0.0625,0.00446429,5.375,0,46.25,38.8661,44.25,35.8125,6,5.28571,18,14,sseo02,140603,0,NA,0,000,41.922,-80.3011,NA,NA,13,5.875,3.26786,NA,NA,NA
91,4.3125,1.09028,28,26.125,50.125,39.6771,49.25,36.3958,13,11,18,36,sseo02,140603,0,NA,0,000,24.4817,-82.3033,NA,NA,34,10.4375,3.97917,NA,NA,NA
92,4.4375,0.66351,26.625,14.25,50.75,40.2475,50.375,38.0505,14,10.2121,18,99,sseo02,140603,0,NA,0,000,24.3657,-82.8675,NA,NA,94,10.3125,3.55682,NA,NA,NA
93,0.3125,0.109375,3.125,0,45.5,40.1875,45.375,39.0312,7,6.08333,18,12,sseo02,140603,0,NA,0,000,49.1581,-80.33,NA,NA,12,3.5,2.22396,NA,NA,NA
94,0,0,3.5,0,45.5,40.4444,43.5,38.7083,5,5,18,9,sseo02,140603,0,NA,0,000,49.4062,-80.785,NA,NA,9,2,1.45833,NA,NA,NA
95,2.8125,1.09943,16.75,0,48.75,41.5114,48.375,39.8239,6,4.5,18,22,sseo02,140603,0,NA,0,000,35.2334,-82.7385,NA,NA,21,9.4375,3.95455,NA,NA,NA
96,2.25,0.135,34.5,16.875,48.125,40,47.5,38.18,14,11,18,25,sseo02,140603,0,NA,0,000,25.1102,-83.5297,NA,NA,24,6.4375,2.5475,NA,NA,NA
97,12.9375,1.35547,71,76.25,52,40.6979,51.875,38.4384,13,10.3681,18,144,sseo02,140603,0,NA,0,000,25.0064,-84.2301,NA,NA,136,12.1875,3.10938,12.1875,40,86.738
98,0.4375,0.175,10.125,0.625,47.125,40.9875,46.625,38.125,10,9.2,18,10,sseo02,140603,0,NA,0,000,25.4815,-83.9414,NA,NA,10,4.6875,3.15,NA,NA,NA
99,1.625,0.421053,19.125,2,50.625,43.1908,50.5,41.3816,11,9.26316,18,19,sseo02,140603,0,NA,0,000,26.2098,-84.84,NA,NA,18,5.3125,2.97368,NA,NA,NA
100,7.4375,1.91259,41.5,45.875,51.75,39.7893,51.625,38.0769,17,12.5385,18,143,sseo02,140603,0,NA,0,000,26.2347,-85.9966,NA,NA,138,9.375,2.86844,NA,NA,NA
101,4.25,0.943994,47.75,41.375,51.5,39.4968,51.375,37.3328,10,6.23377,18,77,sseo02,140603,0,NA,0,000,25.6172,-86.237,NA,NA,72,7.25,2.59497,NA,NA,NA
102,2.625,0.933824,12.125,6.375,51.5,41.8529,51.5,39.6691,13,7.88235,18,17,sseo02,140603,0,NA,0,000,27.0041,-86.6736,NA,NA,16,6.5625,3.09559,NA,NA,NA
103,0.1875,0.101562,5.25,20,46.875,39.9688,46.75,39.2656,10,7.5,18,8,sseo02,140603,0,NA,0,000,26.6544,-86.826,NA,NA,8,4.0625,1.8125,NA,NA,NA
104,5,1.36378,32.125,17,51.375,41.7051,51.25,39.2628,12,8.64103,18,39,sseo02,140603,0,NA,0,000,28.4805,-86.929,NA,NA,35,9.625,3.67788,NA,NA,NA
105,1.75,0.381466,23.625,9.875,50,41.2155,49.875,40.2716,10,8.27586,18,29,sseo02,140603,0,NA,0,000,27.9487,-87.0034,NA,NA,29,7,3.00647,NA,NA,NA
106,4.5625,1.03431,29.875,11.125,45.75,38.8652,44.625,37.152,13,9.13725,18,51,sseo02,140603,0,NA,0,000,29.1493,-87.3796,NA,NA,50,7.0625,2.64828,NA,NA,NA
107,2.4375,0.94375,30.125,21.375,45.5,38.9042,44.5,35.775,13,11.8333,18,30,sseo02,140603,0,NA,0,000,29.5025,-87.6682,NA,NA,29,6.75,2.66458,NA,NA,NA
108,2.375,0.91875,29,23.125,45.5,38.9938,45.125,37.5563,10,7.8,18,20,sseo02,140603,0,NA,0,000,25.7159,-87.8672,NA,NA,20,5.8125,2.65625,NA,NA,NA
109,0.125,0.0125,16.375,5,48.375,40.7375,48.125,38.825,10,8.4,18,10,sseo02,140603,0,NA,0,000,29.4811,-88.011,NA,NA,10,4.25,2.20625,NA,NA,NA
110,0.625,0.326087,25.125,8.875,48.625,40.625,48.125,38.1413,6,3.6087,18,23,sseo02,140603,0,NA,0,000,24.6334,-89.0682,NA,NA,22,4.0625,1.9375,NA,NA,NA
111,1.0625,0.265625,18.875,0.125,48,39.5703,47.625,38.6484,11,9.125,18,16,sseo02,140603,0,NA,0,000,25.2535,-89.46,NA,NA,16,6.8125,2.96094,NA,NA,NA
112,1.25,0.227273,36.625,1.125,48.375,41.7727,48.125,39.9489,11,8.04545,18,22,sseo02,140603,0,NA,0,000,25.2871,-89.867,NA,NA,21,7.1875,3.28693,NA,NA,NA
113,5,2.39236,19,3,49,41.0069,48.5,37.5486,14,11.9444,18,18,sseo02,140603,0,NA,0,000,25.088,-92.725,NA,NA,17,6.9375,3.70486,NA,NA,NA
114,3.0625,1.47115,18.625,8.75,48.625,42.2788,47.125,33.8942,11,10.3846,18,13,sseo02,140603,0,NA,0,000,25.4494,-92.9845,NA,NA,9,8.9375,5.37981,NA,NA,NA
115,0.25,0.0555556,29.75,5.25,47.625,40.1736,47.5,38.9514,6,4.94444,18,18,sseo02,140603,0,NA,0,000,29.6767,-93.8667,NA,NA,18,3.8125,1.92708,NA,NA,NA
116,3,1.05938,46.25,29.125,50,41.325,49.875,40.5375,11,9.35,19,20,sseo02,140603,0,NA,0,000,23.1122,-73.1818,NA,NA,20,6.0625,2.5375,NA,NA,NA
117,1.0625,0.715278,15.125,9.125,45.5,40.6389,44.25,36.7361,4,3.11111,19,9,sseo02,140603,0,NA,0,000,43.3946,-72.7904,NA,NA,8,6.9375,4.3125,NA,NA,NA
118,0.25,0.158088,3.375,0.125,45.875,39.386,45.75,38.7537,8,5.85294,19,34,sseo02,140603,0,NA,0,000,49.9259,-71.95,NA,NA,34,2.3125,1.34375,NA,NA,NA
119,3.4375,0.502232,13.875,8,46.75,38.6295,46,36.4271,8,3.77381,19,84,sseo02,140603,0,NA,0,000,45.2593,-73.5544,NA,NA,79,7.9375,2.79018,NA,NA,NA
120,0.9375,0.2825,6.875,1.125,45.625,39.87,45.125,38.325,4,2.4,19,25,sseo02,140603,0,NA,0,000,45.8947,-73.2788,NA,NA,24,6,3.23,NA,NA,NA
121,1.875,0.636029,8.875,0,47.875,40.9632,45,33.375,8,7,19,17,sseo02,140603,0,NA,0,000,42.0113,-74.2389,NA,NA,14,8,4.86765,NA,NA,NA
122,2.4375,0.486413,17.75,3.375,45.125,39.9402,44.875,38.1793,7,5.21739,19,23,sseo02,140603,0,NA,0,000,41.5481,-74.3145,NA,NA,23,6.3125,2.94565,NA,NA,NA
123,3.3125,0.590517,14.375,0.875,48.75,40.8599,46.375,38.2241,8,6.39655,19,58,sseo02,140603,0,NA,0,000,42.5659,-74.2636,NA,NA,56,9.25,4.03879,NA,NA,NA
124,1.625,0.648026,8.375,0.375,47.125,39.7303,46,36.0132,7,4.78947,19,19,sseo02,140603,0,NA,0,000,42.9993,-74.0742,NA,NA,17,10.625,5.42434,10.625,13,31.958
125,1.1875,0.39,11.625,5.5,45.5,39.0325,45.125,38.2925,7,4.63,19,100,sseo02,140603,0,NA,0,000,48.0806,-73.3464,NA,NA,99,2.5,1.51312,NA,NA,NA
126,3.625,1.26894,5.625,0.375,48.125,39.5644,47.75,37.4583,7,5.24242,19,33,sseo02,140603,0,NA,0,000,44.856,-74.5835,NA,NA,31,4.5,2.29924,NA,NA,NA
127,5.125,1.13043,10.5,2.5,47.875,40.6739,47.25,38.769,7,5.65217,19,46,sseo02,140603,0,NA,0,000,43.9666,-74.8159,NA,NA,45,7.5625,3.61141,NA,NA,NA
128,1.375,0.951389,9.25,0,46.375,42.1944,42.625,37.8056,7,6.66667,19,9,sseo02,140603,0,NA,0,000,44.5393,-74.8443,NA,NA,8,3.8125,3.21528,NA,NA,NA
129,0,0,4,0.625,46.5,39.0982,43.5,38.1071,6,5.42857,19,14,sseo02,140603,0,NA,0,000,50.2336,-75.7995,NA,NA,14,2.375,1.20982,NA,NA,NA
130,1.0625,0.388889,6.5,5,47.875,39.8681,44.75,36.8958,6,5.38889,19,18,sseo02,140603,0,NA,0,000,49.4539,-76.22,NA,NA,15,4.0625,2.35417,NA,NA,NA
131,10.5,2.31831,11.75,6.25,50.5,40.1773,48.375,37.6221,7,5.81395,19,43,sseo02,140603,0,NA,0,000,47.7645,-77.4442,NA,NA,39,11.1875,3.99564,11.1875,41,98.9514
132,12.875,3.01897,10,1.875,49,39.9598,47.875,32.1629,8,6.92857,19,56,sseo02,140603,0,NA,0,000,46.7791,-77.7389,NA,NA,35,14.0625,4.40848,14.0625,38,77.2391
133,9.75,2.23654,16.375,4,48.875,39.7019,45.5,33.5135,9,6.47692,19,65,sseo02,140603,0,NA,0,000,45.6043,-78.226,NA,NA,53,11.1875,3.63173,11.1875,41,71.4288
134,7.875,2.06473,12.25,2.125,48.75,39.6116,44,34.1116,10,7.07143,19,28,sseo02,140603,0,NA,0,000,46.1366,-78.1301,NA,NA,21,10.3125,4.55134,10.3125,12,39.4478
135,0.375,0.0661765,5.875,0,49.25,40.375,44.375,33.9779,6,5.23529,19,17,sseo02,140603,0,NA,0,000,51.0752,-78.2788,NA,NA,14,4.75,2.49265,NA,NA,NA
136,1.4375,0.71875,6,0,49.125,39.7344,48,36.2031,5,4.875,19,8,sseo02,140603,0,NA,0,000,41.9134,-79.9875,NA,NA,6,8.5625,5.08594,NA,NA,NA
137,2,1.09375,10.125,0.625,50.625,41.5875,50.375,35.95,11,10.3,19,10,sseo02,140603,0,NA,0,000,24.1346,-81.9664,NA,NA,8,8.5625,4.89375,NA,NA,NA
138,3.875,1.53309,11.625,11.875,48.375,40.6985,47.375,37.3529,11,9.47059,19,17,sseo02,140603,0,NA,0,000,24.1633,-82.3386,NA,NA,14,6.5,4.52206,10.6875,35,99.2303
139,4.8125,0.974743,41.25,24.625,52.5,41.3801,52.125,38.4837,14,10.637,19,146,sseo02,140603,0,NA,0,000,24.4521,-82.9404,NA,NA,133,10.6875,3.88485,10.6875,35,99.2303
140,3.9375,0.464286,5,0.125,46.625,40.023,46,34.8724,7,5,19,49,sseo02,140603,0,NA,0,000,49.7174,-80.1608,NA,NA,39,7.3125,2.65434,NA,NA,NA
141,2.375,0.98125,5.625,0,46.625,40.425,44.625,38.55,8,7.4,19,10,sseo02,140603,0,NA,0,000,49.2686,-80.0655,NA,NA,10,6.4375,4.425,NA,NA,NA
142,4.75,1.53875,19.5,0.125,48.875,41.1,47.25,38.775,8,5.84,19,50,sseo02,140603,0,NA,0,000,34.9849,-82.639,NA,NA,47,7.3125,3.1125,NA,NA,NA
143,0,0,39.625,34.5,45.375,39.75,45,37.4837,11,8.30435,19,23,sseo02,140603,0,NA,0,000,25.1131,-83.5247,NA,NA,21,5.125,1.92663,NA,NA,NA
144,0.875,0.354167,8.5,0,47.625,40.1944,46.375,34.1111,9,8.33333,19,9,sseo02,140603,0,NA,0,000,24.5027,-83.6266,NA,NA,8,5.5625,3.04861,NA,NA,NA
145,9,2.41216,63.625,71,51.25,41.2827,51.125,37.4651,16,10.973,19,111,sseo02,140603,0,NA,0,000,24.8236,-84.4168,NA,NA,99,11.625,3.33052,11.625,25,63.1309
146,5.625,1.55787,25.75,2.5,50.25,40.8843,50.125,39.3287,11,9.81481,19,27,sseo02,140603,0,NA,0,000,25.5002,-84.1478,NA,NA,27,6.6875,3.34954,NA,NA,NA
147,2.375,0.378606,41.75,6.125,50.75,40.4519,50.625,39.1106,14,10.6923,19,52,sseo02,140603,0,NA,0,000,26.3243,-85.1688,NA,NA,52,7.375,2.32212,NA,NA,NA
148,0.9375,0.179688,24.875,1.125,47,41.1875,46.25,38.8281,12,11.25,19,16,sseo02,140603,0,NA,0,000,25.1189,-85.2135,NA,NA,14,5.25,2.80469,NA,NA,NA
149,2.9375,0.947635,13.375,2.875,48.25,40.1351,47.125,35.8446,7,4.45946,19,37,sseo02,140603,0,NA,0,000,35.0913,-84.9499,NA,NA,32,11.4375,4.63514,11.4375,15,36.627
150,1.125,0.359375,13.625,6.75,49,42.1562,47.875,39.1771,12,10.9167,19,12,sseo02,140603,0,NA,0,000,26.5415,-85.6842,NA,NA,12,7.375,4.5,NA,NA,NA
151,4.9375,2.22222,12.375,26.125,46.5,41.1528,46.25,40.1528,10,9.22222,19,9,sseo02,140603,0,NA,0,000,26.3038,-85.8015,NA,NA,9,3.625,2.5,NA,NA,NA
152,7.6875,2.46226,59.375,30,52.25,39.4316,51.875,36.5802,17,14.0189,19,53,sseo02,140603,0,NA,0,000,26.1525,-86.1558,NA,NA,46,6.75,2.97995,NA,NA,NA
153,5,1.8273,46.25,39.5,51.125,40.5822,51,37.9243,10,5.86842,19,38,sseo02,140603,0,NA,0,000,25.6885,-86.1099,NA,NA,34,6.5625,2.64803,NA,NA,NA
154,1.3125,0.389062,38.75,28.125,45.875,39.0719,43.875,36.6656,8,6.55,19,40,sseo02,140603,0,NA,0,000,25.3425,-86.7042,NA,NA,38,6.6875,2.77656,NA,NA,NA
155,0.5,0.197115,11.5,11.125,47.5,39.7308,47.25,38.9231,12,11.2308,19,13,sseo02,140603,0,NA,0,000,27.8863,-86.629,NA,NA,13,3.75,2.08173,NA,NA,NA
156,2.3125,0.909375,25.5,32.125,51.25,40.9375,51,39.3594,11,9.025,19,40,sseo02,140603,0,NA,0,000,28.4385,-87.0222,NA,NA,38,6.9375,2.84844,NA,NA,NA
157,2.0625,0.401786,22.375,3.625,46.375,39.7536,46.125,38.2786,12,9,19,35,sseo02,140603,0,NA,0,000,27.0448,-86.9357,NA,NA,33,4.6875,2.09643,NA,NA,NA
158,1.0625,0.328125,14.25,2.375,46.75,40.4896,46.5,39.9062,10,9.5,19,12,sseo02,140603,0,NA,0,000,29.6606,-86.8537,NA,NA,12,4,1.98438,NA,NA,NA
159,1.0625,0.513889,20,23.625,48.625,41.0972,48.625,40.3194,9,8.55556,19,9,sseo02,140603,0,NA,0,000,27.9724,-86.9019,NA,NA,9,5.9375,3.84028,NA,NA,NA
160,1.1875,0.300926,29,4,49,41.1713,49,39.9491,11,8.85185,19,27,sseo02,140603,0,NA,0,000,28.0494,-87.2515,NA,NA,26,6.4375,2.31944,NA,NA,NA
161,0.75,0.508929,27.875,3.375,45.5,39.1518,44.625,37.4464,9,6.85714,19,14,sseo02,140603,0,NA,0,000,29.1743,-87.5704,NA,NA,14,5.8125,3.10714,NA,NA,NA
162,0.4375,0.197115,18.875,17.375,48.25,41.0385,47.25,38.9712,12,10.2308,19,13,sseo02,140603,0,NA,0,000,25.2851,-88.477,NA,NA,13,5.5,3.37981,NA,NA,NA
163,2.5,0.735795,41.125,25.125,51.375,41.2528,50.625,39.5739,7,4.5,19,44,sseo02,140603,0,NA,0,000,24.7053,-89.1002,NA,NA,42,9.875,2.65341,NA,NA,NA
164,2.375,0.56713,44,18.875,52,41.9352,51.5,38.6481,8,5.40741,19,27,sseo02,140603,0,NA,0,000,25.2656,-89.3128,NA,NA,23,9.875,3.53472,NA,NA,NA
165,0.5625,0.147436,26.75,36.625,46.25,38.4968,46.25,37.5641,11,8.66667,19,39,sseo02,140603,0,NA,0,000,25.3428,-89.8176,NA,NA,39,5.8125,2.6234,NA,NA,NA
166,2.25,1.32031,20.875,0.875,46.125,40.5625,43.625,38.0469,7,5.75,19,8,sseo02,140603,0,NA,0,000,36.3429,-92.7032,NA,NA,8,9.4375,4.23438,NA,NA,NA
167,2.4375,0.789474,23,7.125,45.25,39.8882,43.875,37.9276,12,10.4211,19,19,sseo02,140603,0,NA,0,000,25.5044,-93.3412,NA,NA,19,7.8125,3.44408,NA,NA,NA
168,0.4375,0.194444,15.125,0.125,49.25,40.2222,49,38.9306,10,8.88889,19,9,sseo02,140603,0,NA,0,000,24.6945,-93.1904,NA,NA,9,4.75,2.34028,NA,NA,NA
169,3.875,1.07853,1.75,0,45.875,38.5801,41.375,26.5192,11,8.33333,19,39,sseo02,140603,0,NA,0,000,43.582,-100.246,NA,NA,20,17.4375,7.40705,17.4375,37,55.0151
170,17.125,4.76786,3.25,0.25,48.5,39.5045,40.75,10.8661,10,7.96429,19,28,sseo02,140603,0,NA,0,000,44.1257,-100.496,NA,NA,7,17.6875,7.94866,17.6875,20,40.2263
171,0.75,0.075,14.375,0,47.625,41.45,46.75,39.25,8,7.1,19,10,sseo02,140603,0,NA,0,000,26.2991,-98.3987,NA,NA,9,4.8125,2.64375,NA,NA,NA
172,8.3125,1.38235,12.75,0,49.5,40.2904,48.375,32.2574,7,3.91176,20,34,sseo02,140603,0,NA,0,000,45.9307,-72.5954,NA,NA,20,12.5625,3.57537,13,22,48.624
173,0.25,0.0448113,7.75,4,44.875,38.7571,44,36.8939,4,2.41509,20,53,sseo02,140603,0,NA,0,000,46.4379,-72.9213,NA,NA,52,5.1875,2.01887,NA,NA,NA
174,2.75,0.351695,27.25,6.125,48,39.4725,48,37.1377,8,6.38983,20,59,sseo02,140603,0,NA,0,000,42.5447,-74.0092,NA,NA,57,9.375,3.01271,NA,NA,NA
175,2.0625,0.383929,15.875,5,50,39.9762,48.25,36.7738,8,6.09524,20,42,sseo02,140603,0,NA,0,000,43.09,-73.9063,NA,NA,38,13.1875,5.10863,13.1875,31,53.8927
176,2,1.38194,9.875,8.125,45.25,40.4167,42.25,36.6667,3,2.88889,20,9,sseo02,140603,0,NA,0,000,45.1654,-73.5905,NA,NA,8,5.9375,4.27083,NA,NA,NA
177,2.0625,0.665323,9.625,4.625,48.75,40.8024,46.75,35.2016,9,7,20,31,sseo02,140603,0,NA,0,000,43.6314,-74.1316,NA,NA,24,12.25,5.39315,12.25,29,68.4309
178,0.6875,0.170455,6.375,3.25,47.375,39.4716,46.25,36.9375,8,6,20,22,sseo02,140603,0,NA,0,000,44.6038,-73.9892,NA,NA,19,6.9375,3.21307,NA,NA,NA
179,4.5625,1.85341,9.75,4.875,49.25,40.4636,48.875,38.65,7,3.52727,20,55,sseo02,140603,0,NA,0,000,45.2046,-74.1835,NA,NA,53,5.1875,2.49659,NA,NA,NA
180,6.5,1.08036,9.875,3.25,48.625,39.6086,48.25,36.372,8,6.28571,20,84,sseo02,140603,0,NA,0,000,44.2717,-74.3585,NA,NA,76,12.1875,3.42188,12.1875,24,50.2111
181,10.9375,3.57653,10.5,6.875,50.625,40.9286,49.25,36.3699,9,6.53061,20,49,sseo02,140603,0,NA,0,000,47.9556,-76.9434,NA,NA,40,9.75,4.28954,12.5625,52,90.2008
182,18.1875,4.81412,23.5,3.875,49.875,40.7231,48.5,34.6994,10,6.7931,20,116,sseo02,140603,0,NA,0,000,47.0312,-77.3522,NA,NA,97,12.875,5.38308,12.875,57,88.6945
183,6.375,2.30682,10.5,4.375,49.75,41.267,46,34.6534,8,7.13636,20,22,sseo02,140603,0,NA,0,000,47.585,-77.1671,NA,NA,19,10.6875,6.87784,12.5625,52,90.2008
184,10.25,1.80556,12.5,2.125,48,38.8294,47.5,35.8988,8,6.28571,20,63,sseo02,140603,0,NA,0,000,45.7979,-77.7798,NA,NA,56,11.25,3.45437,11.4375,38,68.956
185,10.8125,2.33542,6.25,0.125,47.625,38.8333,44.5,29.3917,6,5.53333,20,30,sseo02,140603,0,NA,0,000,41.9731,-79.3445,NA,NA,18,8.8125,2.6375,11.375,22,62.906
186,0.8125,0.416667,18.125,0.125,45.125,38.9722,44.875,38.1806,12,11,20,9,sseo02,140603,0,NA,0,000,24.6139,-81.9291,NA,NA,9,3.625,2.15972,NA,NA,NA
187,5.875,1.22342,32.5,34.25,52.875,39.8448,52.5,37.6451,13,9.35057,20,174,sseo02,140603,0,NA,0,000,24.3726,-82.6772,NA,NA,168,11.375,3.45079,11.375,13,30.7094
188,9.875,1.1291,7.5,0,46.75,39.6311,46.125,36.9631,5,4.04918,20,61,sseo02,140603,0,NA,0,000,50.1569,-79.8003,NA,NA,56,9.375,1.8207,NA,NA,NA
189,5.125,1.36932,8.5,0.625,48,40.1307,43.75,37.1193,5,4.36364,20,22,sseo02,140603,0,NA,0,000,49.88,-80.3199,NA,NA,19,9.3125,3.7017,NA,NA,NA
190,5.8125,2.3725,22.375,0.5,49.375,41.41,48.125,38.8525,8,6.52,20,50,sseo02,140603,0,NA,0,000,34.7104,-82.7209,NA,NA,46,6.625,3.365,NA,NA,NA
191,3.5,1,15.875,0.125,54,42.325,53.625,40.075,10,9,20,10,sseo02,140603,0,NA,0,000,24.8511,-83.4032,NA,NA,10,11.6875,4.40625,NA,NA,NA
192,7.5,1.31552,32.5,9.75,52.125,41.0927,51.75,38.1714,14,10.5806,20,62,sseo02,140603,0,NA,0,000,24.6142,-83.7203,NA,NA,57,11.4375,4.01714,11.4375,20,44.8056
193,4.375,1.68092,35.875,19.125,48.625,40.0461,48.375,38.3158,10,7.36842,20,19,sseo02,140603,0,NA,0,000,24.8793,-84.1311,NA,NA,19,8.375,3.1875,NA,NA,NA
194,6.1875,0.795956,37.875,17.5,45.375,38.7537,45,37.1176,12,9.76471,20,34,sseo02,140603,0,NA,0,000,25.5272,-84.3401,NA,NA,34,6.4375,2.17096,NA,NA,NA
195,9.875,2.16109,71.25,40.375,50.75,42.3856,50.625,39.0722,16,11.831,20,71,sseo02,140603,0,NA,0,000,24.7468,-84.8515,NA,NA,63,8.9375,3.22095,NA,NA,NA
196,3,0.844727,35.5,13.625,51.625,41.8477,51.625,40.2227,14,10.8438,20,64,sseo02,140603,0,NA,0,000,26.3825,-85.5086,NA,NA,63,8.5,3.74805,NA,NA,NA
197,6.25,1.34283,27,13.875,48.375,40.989,47,37.6415,7,4.19118,20,68,sseo02,140603,0,NA,0,000,35.023,-84.9852,NA,NA,62,11.375,4.32904,11.375,19,39.4635
198,5.75,1.5375,63.25,46.25,51.375,41.0219,50.75,38.0156,9,6.8,20,40,sseo02,140603,0,NA,0,000,25.6279,-86.1147,NA,NA,37,7.5,2.29844,NA,NA,NA
199,1.875,0.951923,37.125,38.75,46.875,39.7404,44.875,37.25,8,5.30769,20,13,sseo02,140603,0,NA,0,000,25.3481,-86.532,NA,NA,11,5.1875,2.69712,NA,NA,NA
200,2.0625,0.642857,24.625,29.875,50.125,40.9643,50.125,40.2071,13,9.48571,20,35,sseo02,140603,0,NA,0,000,28.0259,-87.0618,NA,NA,35,5.5,3.06607,NA,NA,NA
201,0.6875,0.225962,16.875,0.5,46.625,40.5577,46.375,38.9519,9,7.15385,20,13,sseo02,140603,0,NA,0,000,27.6025,-87.0753,NA,NA,13,4.25,2.32212,NA,NA,NA
202,4.125,1.6061,42.75,32.25,50.625,41.3663,50.625,39.8488,12,10.1628,20,43,sseo02,140603,0,NA,0,000,28.4253,-87.2079,NA,NA,42,6.1875,3.21366,NA,NA,NA
203,1.375,0.566964,22.375,4.125,47.25,40.6875,47,37.4464,5,3.14286,20,14,sseo02,140603,0,NA,0,000,34.408,-87.3948,NA,NA,12,5.8125,3.56696,NA,NA,NA
204,0.125,0.025,17.625,4.75,45,39.525,44.25,38.6375,9,8.7,20,10,sseo02,140603,0,NA,0,000,28.5944,-88.2745,NA,NA,10,4.4375,1.825,NA,NA,NA
205,3,0.790396,59.125,41.125,53.5,41.6768,52.25,38.4223,9,5.81707,20,82,sseo02,140603,0,NA,0,000,24.759,-89.0128,NA,NA,76,11.8125,3.51448,11.8125,20,44.0737
206,0.5,0.192708,19.5,0.625,48.875,40.625,48.75,37.6667,5,4.33333,20,12,sseo02,140603,0,NA,0,000,30.439,-89.324,NA,NA,11,6.25,3.64062,NA,NA,NA
207,1.375,0.314904,15.25,19.125,49.75,39.1058,49.25,35.9567,11,9.15385,20,26,sseo02,140603,0,NA,0,000,25.4556,-89.8125,NA,NA,23,6.625,2.41587,NA,NA,NA
208,1.8125,0.3125,33.75,0.75,48.125,41.7216,47.5,40.517,10,9.36364,20,22,sseo02,140603,0,NA,0,000,25.6274,-90.0057,NA,NA,22,9.3125,3.79545,NA,NA,NA
209,3.25,1.25368,21.375,9.75,51.125,41.5956,51,40.2132,12,8.58823,20,17,sseo02,140603,0,NA,0,000,24.5999,-92.9729,NA,NA,17,8,3.63603,NA,NA,NA
210,0.375,0.104167,11.125,4,48.5,41.375,47.5,40.5833,10,9.33333,20,9,sseo02,140603,0,NA,0,000,24.8807,-93.2857,NA,NA,9,4.6875,3,NA,NA,NA
211,1.1875,0.333333,13.875,5,48.25,39.7153,47.5,35.8819,11,10.3333,20,18,sseo02,140603,0,NA,0,000,25.6219,-93.915,NA,NA,15,4.125,2.39931,NA,NA,NA
212,26.875,3.52465,4.25,3.5,50.875,38.1725,42.875,25.4498,11,7.26056,20,284,sseo02,140603,0,NA,0,000,44.0813,-99.5605,NA,NA,133,15.5,5.54886,15.5,119,158.176
213,27.0625,5.64782,3.75,0.125,49.625,38.2996,44.25,16.623,11,8.42857,20,63,sseo02,140603,0,NA,0,000,43.2764,-99.3169,NA,NA,16,17.25,5.62698,17.25,47,91.588
214,8.4375,0.808062,14.625,4,48.75,40.3136,48,37.7374,8,4.18935,21,169,sseo02,140603,0,NA,0,000,46.5267,-72.3946,NA,NA,161,10.1875,3.17567,13.25,42,96.2983
215,2.9375,0.860969,11.5,0,49.125,40.7245,48.5,37.2959,9,6,21,49,sseo02,140603,0,NA,0,000,42.9547,-73.2963,NA,NA,46,11.1875,4.81122,11.1875,11,26.6859
216,0.6875,0.375,5.75,0,46.25,40.7917,45.125,38.1667,8,6.66667,21,12,sseo02,140603,0,NA,0,000,43.4623,-73.1965,NA,NA,12,6.125,4.13021,NA,NA,NA
217,0,0,7.125,0,44.75,39.8125,44,37.3906,4,3.75,21,8,sseo02,140603,0,NA,0,000,41.4848,-73.6216,NA,NA,7,4.375,2.5,NA,NA,NA
218,0.9375,0.3125,13.25,14.25,46.625,39.5865,45.5,34.9327,4,3.84615,21,13,sseo02,140603,0,NA,0,000,45.7384,-72.7676,NA,NA,11,10.1875,6.4375,13.25,42,96.2983
219,1.3125,0.337696,12.625,6.75,46.125,38.8318,44,38.0596,9,4.17801,21,191,sseo02,140603,0,NA,0,000,49.4779,-72.2681,NA,NA,191,2.1875,1.20942,NA,NA,NA
220,2.25,0.248397,13.25,10.75,44.5,38.891,43.125,36.7468,8,6.41026,21,39,sseo02,140603,0,NA,0,000,42.6769,-73.7771,NA,NA,37,8.6875,1.875,NA,NA,NA
221,18.875,4.3387,16.5,9.875,51.25,40.6946,50.375,38.3323,8,4.77844,21,167,sseo02,140603,0,NA,0,000,45.2288,-73.7298,NA,NA,158,15.375,4.47867,15.375,42,72.5176
222,9.375,1.94473,35.625,7,49.625,41.0672,48.5,38.6653,9,6.8595,21,121,sseo02,140603,0,NA,0,000,44.1939,-73.9042,NA,NA,112,16,5.76188,16,67,103.729
223,0.625,0.208333,13.875,9.625,46.375,39.4306,45.125,36.9688,8,6.61111,21,36,sseo02,140603,0,NA,0,000,43.481,-74.0604,NA,NA,35,8.0625,3.67014,16,67,103.729
224,0.125,0.04375,3.375,5,46.75,39.5,41.5,36.4625,6,4.4,21,10,sseo02,140603,0,NA,0,000,42.8151,-74.1165,NA,NA,10,3.125,1.775,NA,NA,NA
225,10.5625,2.7425,19,7.625,49.75,39.761,47.875,36.988,9,6.768,21,125,sseo02,140603,0,NA,0,000,48.2779,-76.5442,NA,NA,116,10.6875,3.741,10.6875,29,83.4729
226,17.75,3.33786,19.25,8.375,50.25,40.2672,49.125,38.2382,11,7.25362,21,138,sseo02,140603,0,NA,0,000,47.287,-76.8626,NA,NA,132,12.0625,3.82201,12.75,73,116.311
227,2.5,0.553125,8,7.875,48.5,39.075,47.125,36.4906,8,6.375,21,40,sseo02,140603,0,NA,0,000,49.02,-76.6033,NA,NA,37,7.6875,2.52187,NA,NA,NA
228,1.625,0.198529,4,0,46.75,39.2574,43.625,37.7941,7,6.47059,21,17,sseo02,140603,0,NA,0,000,45.9979,-77.2414,NA,NA,17,1.625,0.875,NA,NA,NA
229,0.1875,0.0865385,6.125,0.875,46,40.0192,45.125,36.9231,8,7.46154,21,13,sseo02,140603,0,NA,0,000,44.3654,-78.6863,NA,NA,12,9.8125,4.61058,NA,NA,NA
230,1,0.190972,7.125,0.75,48.625,39.7986,46,31.75,7,5.77778,21,18,sseo02,140603,0,NA,0,000,41.6834,-79.3507,NA,NA,13,12.375,5.15278,13.125,19,75.5952
231,0.75,0.48125,21.625,6.625,45.125,40.125,43.875,34.4875,10,9,21,10,sseo02,140603,0,NA,0,000,24.0744,-81.4911,NA,NA,8,6,3.875,NA,NA,NA
232,18.875,4.98523,9.125,0.125,49.875,39.975,48.375,37.1886,7,5.30909,21,55,sseo02,140603,0,NA,0,000,50.3837,-79.2805,NA,NA,51,12.5625,3.63068,12.5625,33,74.7431
233,5.25,1.67188,24.5,20,48.75,40.558,48.125,37.4107,11,8.57143,21,28,sseo02,140603,0,NA,0,000,24.199,-82.3028,NA,NA,25,8.6875,4.1875,NA,NA,NA
234,4.125,1.27524,12.875,4.125,44.375,39.5673,43.625,37.4327,4,3.34615,21,52,sseo02,140603,0,NA,0,000,50.2913,-80.0894,NA,NA,48,4.4375,2.14784,NA,NA,NA
235,0.0625,0.0208333,16.75,14.75,47.375,40.2917,47.25,37.6111,8,7,21,9,sseo02,140603,0,NA,0,000,24.5558,-82.9209,NA,NA,8,7.75,3.29167,NA,NA,NA
236,5.625,1.55308,19.75,1.875,50.25,40.625,47.25,38.1764,13,6.67123,21,73,sseo02,140603,0,NA,0,000,34.4701,-82.8013,NA,NA,69,6.75,3.12757,NA,NA,NA
237,5.5,0.961777,46.25,35.875,54.875,41.4907,54.875,39.1085,14,9.86777,21,121,sseo02,140603,0,NA,0,000,24.8204,-83.7967,NA,NA,115,11.6875,3.97779,11.6875,43,89.9563
238,11.5625,2.6379,63.75,50.25,53.375,42.2262,53,40.1925,16,12.3968,21,63,sseo02,140603,0,NA,0,000,24.6653,-85.04,NA,NA,59,11.3125,3.49603,NA,NA,NA
239,2.9375,1.09091,19.625,0,49.5,39.5114,49.25,36.625,5,3.27273,21,11,sseo02,140603,0,NA,0,000,35.293,-84.7329,NA,NA,9,10.5,3.55114,NA,NA,NA
240,7.625,2.1369,19.75,0.125,46.875,40.1071,45.5,35.75,7,5.57143,21,21,sseo02,140603,0,NA,0,000,34.6592,-84.8974,NA,NA,18,12.4375,3.23214,12.4375,10,30.7961
241,4.8125,0.955357,20.25,22.75,46.75,38.6652,44.5,36.0938,6,3.85714,21,28,sseo02,140603,0,NA,0,000,34.9836,-85.1307,NA,NA,25,7.125,3.4442,12.4375,10,30.7961
242,2.5,1.01724,31.5,29,48.25,40.1853,48.125,39.0862,13,11.3448,21,29,sseo02,140603,0,NA,0,000,26.2781,-85.5495,NA,NA,29,5.3125,2.82974,NA,NA,NA
243,6.1875,2.02083,56.5,52.125,52.125,41.4444,51.625,39.7014,11,7.97222,21,36,sseo02,140603,0,NA,0,000,25.4523,-86.1774,NA,NA,35,7.6875,2.6875,NA,NA,NA
244,1.75,0.602273,28.625,18.375,47.75,39.4602,47.125,38.2273,12,10.9091,21,22,sseo02,140603,0,NA,0,000,25.9583,-86.1924,NA,NA,21,5.6875,2.00852,NA,NA,NA
245,1.375,0.6125,31.375,2,51.625,41.375,48.875,34.5417,7,5.33333,21,15,sseo02,140603,0,NA,0,000,25.1357,-86.7459,NA,NA,13,7.9375,3.07917,NA,NA,NA
246,2.3125,0.418843,30.375,22.75,46.875,39.2761,46.75,38.3918,12,9.55224,21,67,sseo02,140603,0,NA,0,000,28.1608,-87.2552,NA,NA,67,5.4375,2.00653,NA,NA,NA
247,1.6875,0.470486,20,2.375,49.625,39.7257,49.625,38.5382,8,6.94444,21,36,sseo02,140603,0,NA,0,000,27.724,-87.3223,NA,NA,35,5.3125,2.24479,NA,NA,NA
248,1.1875,0.567308,21.5,0.125,47.25,39.4327,46.75,33.6442,8,6.30769,21,13,sseo02,140603,0,NA,0,000,24.752,-87.4778,NA,NA,9,7.5,3.62981,NA,NA,NA
249,2.875,0.630161,79.25,59.125,54.25,41.3131,54,39.3509,10,6.31193,21,109,sseo02,140603,0,NA,0,000,24.8035,-88.8776,NA,NA,103,13.1875,3.43463,13.1875,23,52.1842
250,1.1875,0.4375,19.625,2.75,49.125,40.5,48.75,38.0917,4,3.46667,21,15,sseo02,140603,0,NA,0,000,30.5763,-88.6399,NA,NA,13,5.3125,2.94583,NA,NA,NA
251,0.8125,0.209375,38.625,20.875,49.75,41.5125,49.375,36.7812,11,7,21,20,sseo02,140603,0,NA,0,000,25.3917,-89.3647,NA,NA,17,6.125,3.43438,NA,NA,NA
252,2.6875,0.501116,31.875,12.75,51,40.096,50.5,38.9531,11,9.51786,21,56,sseo02,140603,0,NA,0,000,24.7199,-93.4212,NA,NA,55,5.8125,2.31027,NA,NA,NA
253,0.8125,0.432292,12.375,6.625,46.875,39.7812,46.375,38.1667,5,4.66667,21,12,sseo02,140603,0,NA,0,000,29.6904,-94.1825,NA,NA,12,3.25,1.72396,NA,NA,NA
254,102.312,7.72652,8.375,2.875,52.75,38.4763,47.125,26.6768,17,7.31492,21,724,sseo02,140603,0,52.5625,0,003,43.8992,-98.6055,98.5818,41,396,22.875,4.55352,12.625,120,141.237
255,2.9375,0.355214,14.125,7,48,39.8405,47.25,38.1715,7,5.05528,22,199,sseo02,140603,0,NA,0,000,47.1098,-72.1231,NA,NA,198,5.4375,2.47864,NA,NA,NA
256,5.75,1.31921,25.375,10.125,50.375,41.8333,49.125,38.6582,8,5.99435,22,177,sseo02,140603,0,NA,0,000,43.1722,-73.1096,NA,NA,158,13.0625,5.54273,13.0625,105,158.908
257,1.0625,0.300414,13.875,8.375,46,38.2894,45.375,37.2963,6,4.96133,22,181,sseo02,140603,0,NA,0,000,49.9907,-71.8862,NA,NA,180,2.0625,1.17749,NA,NA,NA
258,21.25,2.76845,21,16.5,51.125,41.6289,50.75,38.6045,12,5.49762,22,420,sseo02,140603,0,NA,0,000,45.3618,-73.2632,NA,NA,388,14.625,4.19583,14.375,20,42.0219
259,0.8125,0.458333,5.75,0.125,47.5,41.5833,46.875,39.7083,8,6.66667,22,18,sseo02,140603,0,NA,0,000,48.3708,-72.3295,NA,NA,18,4.4375,2.68056,NA,NA,NA
260,1.4375,0.556035,10.375,5.75,46,38.4698,45.5,37.6164,6,4.72414,22,29,sseo02,140603,0,NA,0,000,47.6962,-72.869,NA,NA,29,3.0625,1.53879,NA,NA,NA
261,2.5625,0.451087,21.875,35.625,48.5,40.4457,48.25,38.3179,8,5.82609,22,92,sseo02,140603,0,NA,0,000,44.0011,-73.8439,NA,NA,90,9.8125,2.62296,14.625,45,102.939
262,2.125,0.674479,26.25,3.75,49.875,41.2031,48,38.7422,7,4.97917,22,48,sseo02,140603,0,NA,0,000,42.7043,-74.1755,NA,NA,47,8.875,3.7513,NA,NA,NA
263,5.875,1.65262,19.75,5.25,48.875,40.1919,47.5,34.5669,5,3.51163,22,43,sseo02,140603,0,NA,0,000,41.6253,-74.4277,NA,NA,34,10.875,4.14099,NA,NA,NA
264,1.625,0.642857,14,11.875,48.625,40.4345,46,37.5179,6,4.52381,22,21,sseo02,140603,0,NA,0,000,43.3205,-74.1009,NA,NA,19,8.375,4.29464,NA,NA,NA
265,1.4375,0.411885,5.875,1.5,49.625,39.6311,47.5,37.4959,9,7.19672,22,61,sseo02,140603,0,NA,0,000,48.9381,-75.8854,NA,NA,57,8.625,3.10861,NA,NA,NA
266,16.625,4.88014,12.25,0.75,48.75,40.2312,47.625,37.5565,9,5.72603,22,73,sseo02,140603,0,NA,0,000,47.3881,-76.3579,NA,NA,68,8.9375,3.45805,NA,NA,NA
267,4.375,1.63194,4.875,0.125,48.125,40.625,47.625,37.4861,8,6.55556,22,18,sseo02,140603,0,NA,0,000,46.2032,-76.7136,NA,NA,16,8.4375,3.86458,NA,NA,NA
268,0,0,6.625,5,49.875,39.9297,49.125,35.7422,9,7.3125,22,16,sseo02,140603,0,NA,0,000,49.24,-76.8525,NA,NA,15,11.4375,4.51562,11.4375,11,27.2544
269,0.125,0.025,4.5,0.375,46.25,40.625,45.75,38.0625,8,7.2,22,10,sseo02,140603,0,NA,0,000,44.1943,-78.4267,NA,NA,10,7.25,4.53125,NA,NA,NA
270,18,6.05409,10,0,50.5,41.1394,48.875,35.363,8,6.28846,22,52,sseo02,140603,0,NA,0,000,50.7106,-78.8307,NA,NA,42,10.8125,4.71154,12.875,41,73.5396
271,2.375,1.11378,29.5,24.5,48.25,39.9808,47.375,37.8269,10,8.53846,22,39,sseo02,140603,0,NA,0,000,24.2201,-82.2362,NA,NA,36,9.875,4.13301,NA,NA,NA
272,1.5625,0.579861,21.5,2.375,44.875,39.9236,44,37.6736,13,10.8889,22,18,sseo02,140603,0,NA,0,000,24.4917,-82.5906,NA,NA,17,7.0625,2.80208,NA,NA,NA
273,1.875,0.344758,17.75,9.5,50.125,40.3669,49.25,37.8347,12,8.12903,22,31,sseo02,140603,0,NA,0,000,24.7139,-82.9377,NA,NA,28,8.4375,3.19355,NA,NA,NA
274,6.125,1.87806,20.25,16.125,50.375,40.5453,49.125,38.0319,10,5.39216,22,102,sseo02,140603,0,NA,0,000,34.2924,-82.8644,NA,NA,98,8.125,3.50613,NA,NA,NA
275,2.5,0.347938,60.625,45.75,52,40.7487,51.75,39.2809,12,8.53608,22,97,sseo02,140603,0,NA,0,000,24.9429,-83.9041,NA,NA,96,12.75,3.40786,12.75,20,33.7776
276,1.125,0.519737,14.875,0.75,46.75,39.2171,45.75,35.1447,12,9.63158,22,19,sseo02,140603,0,NA,0,000,24.5508,-84.3682,NA,NA,15,5.875,2.99013,NA,NA,NA
277,11.75,3.72841,63.5,63.75,54,40.1136,53.875,37.5,17,11.2364,22,55,sseo02,140603,0,NA,0,000,24.5417,-85.1434,NA,NA,50,9.6875,3.41591,NA,NA,NA
278,3.875,0.89459,21,18.25,48.875,39.847,46.875,37.4571,5,3.08955,22,67,sseo02,140603,0,NA,0,000,34.5022,-84.8767,NA,NA,63,7.4375,3.01213,NA,NA,NA
279,0.25,0.03125,15.625,8.75,44.625,39.1875,44.125,35.6339,6,4,22,14,sseo02,140603,0,NA,0,000,35.264,-85.022,NA,NA,11,8.75,2.91518,NA,NA,NA
280,0.9375,0.12963,22.375,7.875,48.625,40.1574,48.125,39.2176,12,9.88889,22,27,sseo02,140603,0,NA,0,000,25.5746,-85.6017,NA,NA,27,4.75,2.15509,NA,NA,NA
281,8.5625,1.34007,83.125,56.5,49.25,40.329,47.875,37.3272,12,8.63235,22,68,sseo02,140603,0,NA,0,000,25.3875,-86.2279,NA,NA,60,8.25,2.52941,NA,NA,NA
282,1.875,0.8125,18.125,1.625,49.5,40.5577,49.375,35.5577,12,10.8462,22,13,sseo02,140603,0,NA,0,000,25.9919,-86.0455,NA,NA,11,5.1875,2.74038,NA,NA,NA
283,2.5,1.19792,28.625,3,47.375,40.2917,47.125,38.4271,13,11.5,22,12,sseo02,140603,0,NA,0,000,26.0359,-86.3784,NA,NA,12,4.75,3.16146,NA,NA,NA
284,1,0.40625,17,1.75,47.875,41.4464,47.75,40.8571,13,12.0714,22,14,sseo02,140603,0,NA,0,000,26.2297,-86.5361,NA,NA,14,3.75,2.09375,NA,NA,NA
285,2,0.950893,53.375,15.75,51.375,40.4196,51,38.2232,9,6.42857,22,14,sseo02,140603,0,NA,0,000,25.0712,-86.8607,NA,NA,14,9.0625,3.67857,NA,NA,NA
286,1.125,0.412879,29.25,20,50.375,40.4659,50.375,38.8295,12,8.30303,22,33,sseo02,140603,0,NA,0,000,27.8624,-87.3101,NA,NA,31,5.4375,2.38447,NA,NA,NA
287,6.0625,0.922068,66.625,79.25,52.625,41.7114,52.5,40.6775,10,6.59259,22,81,sseo02,140603,0,NA,0,000,24.8767,-88.7887,NA,NA,81,12.625,3.50694,12.625,22,52.2097
288,1.875,0.944853,33.375,18,48.75,41.4926,48.625,36.7721,6,4.23529,22,17,sseo02,140603,0,NA,0,000,30.5271,-88.9038,NA,NA,14,8.5,3.68015,NA,NA,NA
289,0.5,0.215278,15.125,12.25,48.625,43.1806,47.5,42.5694,4,2.88889,22,9,sseo02,140603,0,NA,0,000,29.5645,-91.1922,NA,NA,9,4.5625,2.90278,NA,NA,NA
290,1.9375,0.594512,36.375,13.875,50.75,41.0183,50.5,36.1707,12,9.78049,22,41,sseo02,140603,0,NA,0,000,24.7853,-93.8257,NA,NA,36,7.25,2.57927,NA,NA,NA
291,129.5,11.2272,9.75,5.875,52.625,38.8316,47,24.9841,19,8.67655,22,708,sseo02,140603,0,129.5,0,003,43.4203,-97.8969,134.656,125,401,24.5,4.29846,13.8125,81,118.511
292,3.625,0.517794,15.25,13.125,47.5,39.4004,47.25,37.863,9,5.88256,23,281,sseo02,140603,0,NA,0,000,48.0415,-71.9989,NA,NA,273,6.4375,2.39168,NA,NA,NA
293,2.8125,0.487216,21.375,18.125,46.875,39.6449,46.5,37.8395,7,4.65909,23,88,sseo02,140603,0,NA,0,000,42.9051,-72.9578,NA,NA,85,6.5625,3.28977,NA,NA,NA
294,23.6875,2.32435,41.625,22.625,51.25,40.4871,51.125,38.219,9,5.00668,23,749,sseo02,140603,0,NA,0,000,45.2526,-72.9432,NA,NA,723,12.75,3.50067,11.625,49,70.9652
295,0,0,1.5,0,47.375,40.1625,42.625,35.8375,5,4.8,23,10,sseo02,140603,0,NA,0,000,48.7699,-71.5874,NA,NA,8,2.8125,1.9,NA,NA,NA
296,0.125,0.040625,6.25,0.625,47,39.575,42.875,37.5375,5,3.4,23,20,sseo02,140603,0,NA,0,000,42.9382,-73.4631,NA,NA,19,3.9375,1.78125,NA,NA,NA
297,1.125,0.401515,7.125,3.625,45,39.3258,44.25,38.197,6,4.66667,23,33,sseo02,140603,0,NA,0,000,49.0328,-71.9494,NA,NA,33,3.25,1.55303,NA,NA,NA
298,1.3125,0.186475,10.75,8.5,46.125,38.418,44.375,35.2254,7,4.45902,23,61,sseo02,140603,0,NA,0,000,42.967,-73.9188,NA,NA,53,8.3125,2.51844,NA,NA,NA
299,3.125,1.12684,13.25,11.5,48.5,39.6838,46.625,37.2059,6,4.76471,23,34,sseo02,140603,0,NA,0,000,43.6506,-73.7238,NA,NA,32,6.625,3.87684,NA,NA,NA
300,8.0625,2.36422,22.75,14.5,50,40.597,49.625,30.7996,6,3.94828,23,58,sseo02,140603,0,NA,0,000,41.6551,-74.2035,NA,NA,42,14.0625,4.81789,14.25,29,53.7525
301,5.1875,1.69792,10.25,0.125,45.375,39.6597,45.125,37.8194,4,3.52778,23,36,sseo02,140603,0,NA,0,000,47.5861,-75.7988,NA,NA,36,4.6875,2.00521,NA,NA,NA
302,4.4375,1.67625,11.375,0.5,48.75,40.7575,48.5,35.5325,7,5.34,23,50,sseo02,140603,0,NA,0,000,46.8854,-76.1157,NA,NA,42,9.1875,4.14125,NA,NA,NA
303,0.125,0.0138889,7.375,0,46,40.375,45.75,37.9722,7,6.77778,23,9,sseo02,140603,0,NA,0,000,46.1483,-76.2344,NA,NA,8,3.1875,2.40278,NA,NA,NA
304,6.625,2.84375,11.75,0.375,49.625,41.3466,48.625,38.8523,7,6.68182,23,22,sseo02,140603,0,NA,0,000,45.9007,-76.5301,NA,NA,20,9.0625,3.75284,NA,NA,NA
305,0.0625,0.00271739,4.75,3.5,44.875,39.4946,43.25,36.8261,10,7.69565,23,23,sseo02,140603,0,NA,0,000,49.8324,-76.5725,NA,NA,21,5.4375,1.5788,NA,NA,NA
306,0.875,0.477679,3.5,0,46.625,39.7411,44.25,36.1607,8,6.21429,23,14,sseo02,140603,0,NA,0,000,49.7369,-76.9588,NA,NA,13,5.0625,3.40179,NA,NA,NA
307,26.5,8.78333,9,0,51.5,41.1472,47.625,37.4389,9,7.26667,23,45,sseo02,140603,0,NA,0,000,51.0666,-78.3607,NA,NA,42,14.25,4.70417,14.25,53,86.5027
308,1.9375,0.396959,29,29.5,48.5,40.6081,48.25,38.0811,11,6.86486,23,37,sseo02,140603,0,NA,0,000,24.3699,-82.3016,NA,NA,35,5.875,2.71453,NA,NA,NA
309,4.5,2.24375,8.25,4.25,47.25,39.675,44,36.275,3,2.2,23,10,sseo02,140603,0,NA,0,000,50.5571,-79.3022,NA,NA,8,9.1875,4.725,NA,NA,NA
310,1.0625,0.383929,7.25,9.625,46,40.5238,45.625,39.0357,6,4,23,21,sseo02,140603,0,NA,0,000,50.3012,-79.9398,NA,NA,21,2.9375,1.91071,NA,NA,NA
311,0.75,0.171875,38.625,15.75,49,40.4167,48.875,38,11,8.88889,23,36,sseo02,140603,0,NA,0,000,24.7631,-83.1291,NA,NA,34,8.1875,2.85938,NA,NA,NA
312,5.3125,1.54006,25.125,17.625,53.375,42.5342,52.625,40.4263,8,5.41026,23,117,sseo02,140603,0,NA,0,000,34.1173,-83.0979,NA,NA,116,14.4375,3.96261,14.4375,12,27.3649
313,0.1875,0.0183824,37,24,45.375,38.9853,45.125,37.7794,10,8.82353,23,17,sseo02,140603,0,NA,0,000,25.1237,-83.9055,NA,NA,17,9.4375,2.75,NA,NA,NA
314,5.9375,1.85734,35.375,12.375,50.875,40.8397,50.625,38.231,14,10.6739,23,46,sseo02,140603,0,NA,0,000,24.5016,-84.6213,NA,NA,42,9.875,4.04348,NA,NA,NA
315,3.125,1.20486,30.5,1.625,47.875,40.8194,47.5,38.6181,5,3.72222,23,18,sseo02,140603,0,NA,0,000,34.2555,-84.611,NA,NA,17,8.875,3.63889,NA,NA,NA
316,8.6875,3.53646,48.125,34.875,48.875,39.9479,48.375,36.1354,14,8.91667,23,12,sseo02,140603,0,NA,0,000,24.4384,-85.2729,NA,NA,11,7.6875,3.44271,NA,NA,NA
317,4.75,1.07129,24.875,15.875,48,40.2734,46.375,37.6426,6,3.64062,23,64,sseo02,140603,0,NA,0,000,34.3724,-85.3335,NA,NA,62,9.8125,3.22266,NA,NA,NA
318,1.625,0.417969,27,9.25,45.75,40.4062,45.25,39.1328,11,10.0312,23,32,sseo02,140603,0,NA,0,000,25.647,-85.8379,NA,NA,32,4.1875,1.88672,NA,NA,NA
319,0.75,0.4375,14.25,6.875,47.5,39.5,45,34.125,4,3.25,23,8,sseo02,140603,0,NA,0,000,35.1669,-85.4336,NA,NA,5,7.5,4.41406,NA,NA,NA
320,3.25,1.20395,25.875,23.25,49.625,39.8059,49.375,38.2138,13,11.4737,23,38,sseo02,140603,0,NA,0,000,26.1253,-86.4191,NA,NA,36,5.375,2.64638,NA,NA,NA
321,2.3125,0.870536,25,0.625,49.75,40.3661,49.125,35.2054,10,8.85714,23,14,sseo02,140603,0,NA,0,000,24.9536,-86.2656,NA,NA,12,9.0625,3.85714,NA,NA,NA
322,7.625,2.39509,56,83.125,49.125,40.5,47.25,37.0045,11,9.46429,23,28,sseo02,140603,0,NA,0,000,25.3087,-86.3495,NA,NA,25,7.1875,2.79688,NA,NA,NA
323,1.9375,1.22656,38.375,36.125,46.5,41,44.25,37.0938,7,5.25,23,8,sseo02,140603,0,NA,0,000,25.1848,-86.5727,NA,NA,7,6.8125,3.73438,NA,NA,NA
324,1.375,0.71875,20.625,0.5,50.125,41.4375,50,41.0469,13,12,23,16,sseo02,140603,0,NA,0,000,26.3581,-86.8984,NA,NA,16,4.4375,2.57031,NA,NA,NA
325,1.8125,0.95625,47.375,22,47.125,39.575,47,38.4125,9,7.2,23,10,sseo02,140603,0,NA,0,000,25.0359,-86.9439,NA,NA,10,9.4375,3.0125,NA,NA,NA
326,0.5,0.148438,38.125,22.625,49.5,39.9271,49.125,39.1302,10,7.375,23,24,sseo02,140603,0,NA,0,000,27.9373,-87.605,NA,NA,24,5.25,2.0026,NA,NA,NA
327,0.25,0.136364,27.875,41.75,50,40.3636,49.75,39.3068,9,7.90909,23,11,sseo02,140603,0,NA,0,000,24.6918,-88.6024,NA,NA,11,6.4375,2.44318,NA,NA,NA
328,4.8125,1.345,80.625,62.375,49.875,40.08,49.75,39.46,7,4.6,23,25,sseo02,140603,0,NA,0,000,24.9046,-88.894,NA,NA,25,6.75,2.6075,NA,NA,NA
329,1,0.493056,24.375,0.375,46.75,40.7917,46.375,39,4,3.44444,23,9,sseo02,140603,0,NA,0,000,30.8446,-89.0961,NA,NA,9,4.9375,2.63194,NA,NA,NA
330,1.5625,0.880682,26.875,11.25,46.625,40.7841,45.625,36.5227,4,3.54545,23,11,sseo02,140603,0,NA,0,000,30.6821,-89.2467,NA,NA,9,3.8125,2.20455,NA,NA,NA
331,0.8125,0.322115,16.875,4.875,48.375,41.1442,47.125,39.2596,10,8.30769,23,13,sseo02,140603,0,NA,0,000,25.7645,-90.3529,NA,NA,12,4.25,2.42308,NA,NA,NA
332,3.75,1.30208,20.625,0,51.25,41.7083,51,38.2083,11,9.88889,23,18,sseo02,140603,0,NA,0,000,24.9757,-94.1385,NA,NA,17,8.25,3.89236,NA,NA,NA
333,1.0625,0.411765,15,0.5,47,40.9559,45.875,37.8015,10,9.52941,23,17,sseo02,140603,0,NA,0,000,25.3629,-94.375,NA,NA,15,4.5,2.625,NA,NA,NA
334,125.812,13.9439,14.375,9.375,53.25,39.3733,48.375,27.2871,20,9.78891,23,1028,sseo02,140603,0,125.812,0,003,43.0814,-97.1771,147.541,187,615,24.1875,6.00085,17.0625,23,50.6314
335,9.6875,1.3888,6.875,6.375,45.625,37.3063,42.25,27.7955,8,5.95671,23,231,sseo02,140603,0,NA,0,000,44.378,-98.6622,NA,NA,129,9.875,3.31683,10.875,90,136.357
336,10.8125,3.35985,7,2.5,49.25,39.5417,46.25,24.4735,12,10.1818,23,33,sseo02,140603,0,NA,0,000,43.0963,-99.1728,NA,NA,18,20.9375,8.17235,20.9375,23,54.5179
337,0.1875,0.0183824,21.375,4.75,46.375,39.4779,45.5,32.125,8,5.47059,23,17,sseo02,140603,0,NA,0,000,25.6416,-98.6018,NA,NA,12,11.8125,4.09926,NA,NA,NA
338,5.1875,0.616406,7.875,0,46.375,36.7922,38.75,24.5078,7,6.125,23,80,sseo02,140603,0,NA,0,000,44.1536,-103.094,NA,NA,40,11.75,2.35547,13.5,23,57.9262
339,27.25,3.9803,5.375,0,46.625,38.8152,41.25,28.0245,12,6.33696,23,92,sseo02,140603,0,NA,0,000,42.7346,-103.731,NA,NA,66,11.375,3.25136,NA,NA,NA
340,1.5,0.327247,10,1,49.25,40.5955,45.75,38.8301,7,4.69663,24,89,sseo02,140603,0,NA,0,000,48.5939,-71.338,NA,NA,88,4,2.08357,NA,NA,NA
341,15.25,1.8731,40.375,41.625,51.25,39.1928,50.75,37.0995,9,4.34877,24,691,sseo02,140603,0,NA,0,000,46.0494,-72.6061,NA,NA,669,8.9375,2.63884,NA,NA,NA
342,3,0.714241,21.25,13.25,48.875,39.5653,45.75,38.5964,8,5.10945,24,201,sseo02,140603,0,NA,0,000,48.7622,-71.8739,NA,NA,201,4.5625,2.08644,NA,NA,NA
343,0.3125,0.131944,2.375,0,45.875,40.0556,43.75,38.9861,7,6.22222,24,9,sseo02,140603,0,NA,0,000,49.6377,-71.1619,NA,NA,9,3,2.25,NA,NA,NA
344,0.6875,0.184896,7,9.375,47.375,39.3906,42,36.2604,7,6.29167,24,24,sseo02,140603,0,NA,0,000,47.3423,-71.8416,NA,NA,23,3.25,2.11719,NA,NA,NA
345,1.5625,0.380405,22.5,19.875,49,39.7182,48.5,37.6338,6,4.55135,24,185,sseo02,140603,0,NA,0,000,43.5097,-73.375,NA,NA,179,7.125,2.44628,NA,NA,NA
346,4,0.560938,20,1.375,47.75,38.9453,46.25,35.8828,6,4.4375,24,80,sseo02,140603,0,NA,0,000,41.7702,-73.7964,NA,NA,74,6.625,2.46406,NA,NA,NA
347,2,0.667614,17.25,2.125,51.25,42.1222,49.375,40.7159,5,3.81818,24,44,sseo02,140603,0,NA,0,000,42.5728,-73.6873,NA,NA,44,8.3125,3.41903,NA,NA,NA
348,0.5,0.129808,5.75,0.25,47.5,39.0865,43.75,33.8365,7,5.15385,24,13,sseo02,140603,0,NA,0,000,40.2937,-74.7395,NA,NA,10,5.6875,3.59615,NA,NA,NA
349,3.9375,1.6096,13.5,2.875,46.75,39.5725,46.375,37.8986,6,3.71014,24,69,sseo02,140603,0,NA,0,000,47.5588,-75.5194,NA,NA,68,5.5625,2.58062,NA,NA,NA
350,0.75,0.335106,7,0,46.25,38.9415,45.875,37.6223,7,5.85106,24,47,sseo02,140603,0,NA,0,000,46.2674,-75.808,NA,NA,46,4,1.68883,NA,NA,NA
351,1.3125,0.65625,7.75,0,47.375,39.1016,46.875,37.6562,7,6.25,24,16,sseo02,140603,0,NA,0,000,46.9888,-75.6743,NA,NA,16,3.8125,1.69141,NA,NA,NA
352,3.4375,1.30114,13,1.75,47.25,39.447,43.875,37.7992,7,6.0303,24,33,sseo02,140603,0,NA,0,000,50.2005,-75.1606,NA,NA,33,5.5625,2.59659,NA,NA,NA
353,2.25,0.537234,16.25,5.25,50.875,41.5346,50.375,36.4069,10,5.80851,24,47,sseo02,140603,0,NA,0,000,50.462,-76.8518,NA,NA,41,11.8125,3.87234,11.8125,24,55.0975
354,3.6875,1.41619,15.75,2.5,47.625,41.4545,46.625,39.733,6,4.56818,24,44,sseo02,140603,0,NA,0,000,50.5375,-79.71,NA,NA,42,4.3125,2.08949,NA,NA,NA
355,10.375,2.00426,35.125,21.5,50.25,41.2784,49.875,39.4858,8,5.0303,24,132,sseo02,140603,0,NA,0,000,33.9675,-83.2138,NA,NA,128,9.3125,3.45597,12.3125,18,39.0927
356,2.25,0.677083,34.375,24.875,44.25,38.7986,43.5,36.6389,12,9.77778,24,18,sseo02,140603,0,NA,0,000,24.5114,-84.9218,NA,NA,16,6.625,2.73958,NA,NA,NA
357,5.375,1.53625,33.875,20.125,48,40.325,46.75,36.9375,6,3.74,24,50,sseo02,140603,0,NA,0,000,34.277,-85.5253,NA,NA,45,9.25,2.93125,NA,NA,NA
358,2.125,0.714489,42.875,11.25,47.875,40.5767,47.875,39.2045,13,10.1364,24,44,sseo02,140603,0,NA,0,000,25.7412,-86.123,NA,NA,43,4.25,1.87216,NA,NA,NA
359,6.8125,1.45285,44.25,38.375,49.875,39.6776,48.75,37.2237,12,8.89474,24,57,sseo02,140603,0,NA,0,000,25.1171,-86.4495,NA,NA,53,8.5625,3.04825,NA,NA,NA
360,3.5625,1.7475,26.25,25.875,52,39.705,51.625,36.265,12,10.72,24,25,sseo02,140603,0,NA,0,000,26.159,-86.6875,NA,NA,23,6.8125,3.04,NA,NA,NA
361,0,0,23.625,2,49,40.5125,48.375,38.85,10,8.2,24,10,sseo02,140603,0,NA,0,000,24.6263,-88.6939,NA,NA,10,5.6875,2.73125,NA,NA,NA
362,4.5625,1.00586,2.625,0,48.25,39.7949,46.25,34.0352,9,7.34375,24,64,sseo02,140603,0,NA,0,000,41.5774,-94.7583,NA,NA,48,9.25,3.32715,NA,NA,NA
363,109.312,10.8427,20.75,14.375,53.5,40.0928,49,30.1333,20,10.6335,24,1498,sseo02,140603,0,109.312,0,003,42.8189,-96.7282,185.405,203,972,24.5625,6.71024,24.5625,888,543.024
364,1.0625,0.44375,8.125,0.125,47.875,41.85,47.625,40.4,11,9.2,24,10,sseo02,140603,0,NA,0,000,24.309,-93.9645,NA,NA,10,3,2.2125,NA,NA,NA
365,0.5625,0.2125,8,8.625,44.875,38.725,40.625,37.175,13,11.5,24,10,sseo02,140603,0,NA,0,000,25.1056,-94.1863,NA,NA,10,4.0625,1.79375,NA,NA,NA
366,0.0625,0.00568182,9.5,0.125,48.875,40.8864,48.5,38.0682,14,11.5455,24,11,sseo02,140603,0,NA,0,000,24.5699,-95.1093,NA,NA,9,4.6875,2.48864,NA,NA,NA
367,49.375,9.58665,4.875,0,51,38.3835,44,7.46875,12,7.81818,24,44,sseo02,140603,0,NA,0,000,41.6972,-97.6882,NA,NA,6,20.8125,5.24858,20.8125,38,89.8693
368,0.8125,0.221591,10.375,0,46.5,40.3523,46.125,37.5114,11,10.3636,24,11,sseo02,140603,0,NA,0,000,24.7566,-96.1126,NA,NA,9,4.5,2.5,NA,NA,NA
369,0.625,0.0666667,26.125,1.25,46.625,39.7458,45.75,34.125,7,4,24,30,sseo02,140603,0,NA,0,000,24.2898,-99.5021,NA,NA,23,8.5,3.07917,NA,NA,NA
370,41.5625,5.89005,4.25,0,48.375,38.1944,42.625,24.2361,16,7.27161,24,162,sseo02,140603,0,NA,0,000,42.8552,-103.072,NA,NA,77,20.5,4.53241,20.0625,35,77.9832
371,1.8125,0.495327,14.875,4.875,47.875,39.4614,47.5,38.3481,9,6.35514,25,107,sseo02,140603,0,NA,0,000,49.3069,-71.0178,NA,NA,107,4.625,2.71729,NA,NA,NA
372,8.3125,1.08741,11.25,19.625,49.5,37.8545,47.875,35.8479,8,5.44755,25,286,sseo02,140603,0,NA,0,000,47.0186,-72.0854,NA,NA,280,5.375,1.76071,NA,NA,NA
373,1.3125,0.466,11.875,3.625,45.875,39.35,45.25,38.272,8,6.176,25,125,sseo02,140603,0,NA,0,000,50.0724,-70.9101,NA,NA,125,3.4375,1.759,NA,NA,NA
374,2.6875,0.403924,22.125,40.375,49.375,39.2686,48,37.8074,7,4.36893,25,309,sseo02,140603,0,NA,0,000,44.0866,-72.9055,NA,NA,304,6.5,2.09345,NA,NA,NA
375,0.5,0.16875,5.625,0,46,39.4625,43.625,36.8125,4,4,25,10,sseo02,140603,0,NA,0,000,41.6306,-73.1735,NA,NA,10,3.4375,2.50625,NA,NA,NA
376,2.125,0.502541,22.125,12.875,48.625,40.4065,46.875,38.688,6,4.0813,25,123,sseo02,140603,0,NA,0,000,42.799,-73.4702,NA,NA,119,8.375,2.96799,NA,NA,NA
377,0.5625,0.110352,15,21.25,48.125,38.9668,47.25,37.3066,8,4.40625,25,64,sseo02,140603,0,NA,0,000,45.9314,-72.6983,NA,NA,64,5.875,2.37598,NA,NA,NA
378,3.625,1.04757,14.125,2.25,48.75,40.1101,47.25,36.9235,7,4.83582,25,67,sseo02,140603,0,NA,0,000,40.2918,-74.4853,NA,NA,58,9.125,5.29104,NA,NA,NA
379,3.625,0.958333,8.25,1,50,40.4833,50,38.3167,7,4.75556,25,45,sseo02,140603,0,NA,0,000,43.0691,-75.811,NA,NA,42,7.5625,2.97361,10.375,16,63.1723
380,4.3125,1.22414,7.875,0.125,46.5,39.819,42.125,36.9698,5,4.27586,25,29,sseo02,140603,0,NA,0,000,48.0836,-74.9933,NA,NA,28,5.4375,2.05172,NA,NA,NA
381,1.5625,0.363372,7.375,0.125,49.125,39.8576,46.125,38.7849,6,5.46512,25,43,sseo02,140603,0,NA,0,000,46.5015,-75.2744,NA,NA,43,3.4375,1.51744,NA,NA,NA
382,0.6875,0.40625,9,0,47.375,39.875,45.375,38.5208,6,5.25,25,12,sseo02,140603,0,NA,0,000,47.2262,-75.1796,NA,NA,12,3.1875,1.5,NA,NA,NA
383,0.9375,0.407895,7.375,0,48.5,40.1743,48,39.3026,6,5.39474,25,38,sseo02,140603,0,NA,0,000,45.7678,-75.5664,NA,NA,38,4.5,1.89803,NA,NA,NA
384,0.8125,0.195312,8.375,4,48.25,39.5391,45.125,37.0964,9,7.66667,25,48,sseo02,140603,0,NA,0,000,50.9108,-76.6123,NA,NA,45,9.6875,1.77604,NA,NA,NA
385,0.9375,0.272917,31.875,28.125,46.125,39.4292,45.25,36.1917,10,6.56667,25,30,sseo02,140603,0,NA,0,000,24.5632,-82.3139,NA,NA,26,7.0625,2.42083,NA,NA,NA
386,8.6875,2.2217,20.375,5.375,50.125,40.2995,49.125,39.1627,7,5.15094,25,53,sseo02,140603,0,NA,0,000,50.7754,-79.4575,NA,NA,53,5.6875,2.13443,NA,NA,NA
387,1.5,0.71875,20.625,0.375,48.75,41.9464,48.625,40.4821,11,9.35714,25,14,sseo02,140603,0,NA,0,000,25.8955,-82.2733,NA,NA,13,5.25,3.51786,NA,NA,NA
388,2.5,1.4375,21.375,0,49.125,42.5139,49,36.3056,8,6.77778,25,9,sseo02,140603,0,NA,0,000,24.8989,-82.8639,NA,NA,7,7.8125,4.1875,NA,NA,NA
389,7,1.93173,23.625,3.875,50.5,40.8404,49.875,37.5442,8,4.73846,25,65,sseo02,140603,0,NA,0,000,33.6749,-83.4464,NA,NA,56,6.9375,3.07308,NA,NA,NA
390,8.3125,1.2886,24.5,41.75,45.875,40.1985,45,37.8309,6,5.02941,25,34,sseo02,140603,0,NA,0,000,33.9931,-83.2932,NA,NA,33,5.25,2.7261,NA,NA,NA
391,0.3125,0.102273,8.125,0.75,46.625,39.5795,46.375,38.4432,9,8.81818,25,11,sseo02,140603,0,NA,0,000,26.2386,-85.2399,NA,NA,11,4.0625,2.38636,NA,NA,NA
392,3.5,1.42708,19.75,5.125,46.25,38.9653,44.875,34.9931,5,4.61111,25,18,sseo02,140603,0,NA,0,000,33.8715,-85.0864,NA,NA,15,8.3125,2.6875,NA,NA,NA
393,7.25,2.36133,39.375,33.875,50.5,42.1523,48.625,39.1445,8,4.625,25,32,sseo02,140603,0,NA,0,000,34.1912,-85.7095,NA,NA,29,7.6875,3.54297,NA,NA,NA
394,3.5625,1.54613,36,42.875,47.5,40.122,46.875,38.2946,13,10.9286,25,42,sseo02,140603,0,NA,0,000,25.8048,-86.2833,NA,NA,39,5.1875,2.50893,NA,NA,NA
395,4.625,1.15625,36.875,44.25,48.625,39.9861,47.25,37.4549,12,9.58333,25,36,sseo02,140603,0,NA,0,000,25.0869,-86.5897,NA,NA,33,7.75,2.71528,NA,NA,NA
396,1.9375,1.04861,12.625,0.125,48.25,42.875,48,39.6667,10,9.33333,25,9,sseo02,140603,0,NA,0,000,25.4536,-86.5588,NA,NA,8,5.5,3.38889,NA,NA,NA
397,2.6875,1.34375,27.5,1,49.125,40.0804,48.875,36.7411,12,10.9286,25,14,sseo02,140603,0,NA,0,000,26.1764,-86.9867,NA,NA,13,5.9375,2.97768,NA,NA,NA
398,7.9375,1.65625,2.125,0,47,39.0509,42.125,18.8634,8,6.44444,25,54,sseo02,140603,0,NA,0,000,41.5378,-92.9979,NA,NA,20,12.4375,3.58796,12.4375,26,68.3464
399,7.9375,1.79403,5.125,0,47.75,39.5994,46.75,35.2074,9,7.84091,25,44,sseo02,140603,0,NA,0,000,40.9776,-93.4603,NA,NA,36,8.125,2.96449,NA,NA,NA
400,133.25,9.5371,25.125,20.75,54,40.4467,52.875,30.6996,22,11.0374,25,2271,sseo02,140603,0,133.25,0,003,42.5366,-96.1062,173.153,172,1559,25.5,6.25333,25.5,1197,686.431
401,1.375,0.590278,10,0,45.125,40.0139,44.375,38.125,10,9.66667,25,9,sseo02,140603,0,NA,0,000,24.1885,-94.419,NA,NA,9,3.375,2.28472,NA,NA,NA
402,55.375,4.34637,3.75,0,49.5,37.1365,44.625,7.53721,15,9.45802,25,131,sseo02,140603,0,60.125,0,000,41.7273,-96.9464,75.5858,37,12,22.625,2.87214,23.3125,51,89.9535
403,36.25,6.375,7.625,3.5,45.375,37.8093,41.75,21.4492,12,10.339,25,59,sseo02,140603,0,NA,0,000,42.9636,-100.164,NA,NA,18,20.375,4.05932,20.375,24,62.6268
404,0.875,0.138889,12.125,2.25,50.125,40.4861,48.75,36.5556,6,5,25,9,sseo02,140603,0,NA,0,000,24.5898,-98.9407,NA,NA,9,11,5.66667,NA,NA,NA
405,155.938,12.3835,6,0,51.75,38.2621,44.25,17.6535,18,8.14824,25,425,sseo02,140603,0,155.938,0,003,42.7821,-102.213,111.096,70,146,25.6875,5.12544,22.875,97,104.091
406,0.25,0.0763889,8.75,1.125,46.125,40.3611,45.75,38.6944,5,2.66667,25,9,sseo02,140603,0,NA,0,000,24.3281,-99.1139,NA,NA,9,6.6875,3.625,NA,NA,NA
407,1.5,0.421875,18.5,3.5,46.125,38.65,44.375,34.5375,5,1.95,25,20,sseo02,140603,0,NA,0,000,24.1129,-99.1709,NA,NA,17,10.6875,3.89375,NA,NA,NA
408,0.25,0.0902778,8.125,0,46.5,39.5417,46.25,38.625,6,5.22222,26,9,sseo02,140603,0,NA,0,000,38.7749,-68.7629,NA,NA,9,3.375,1.90278,NA,NA,NA
409,1.1875,0.286424,12.625,11.75,46.125,38.0331,45.875,36.8775,8,6.62252,26,151,sseo02,140603,0,NA,0,000,50.0117,-70.762,NA,NA,151,3.625,1.81581,NA,NA,NA
410,1.5,0.26306,21.25,10.875,46.375,37.3703,44.875,36.2332,7,4.51493,26,134,sseo02,140603,0,NA,0,000,43.6493,-72.7026,NA,NA,133,3.5,1.39039,NA,NA,NA
411,2.125,0.342742,23.375,18.125,48.25,38.4704,46,37.0968,7,4.92473,26,93,sseo02,140603,0,NA,0,000,44.9667,-72.6289,NA,NA,92,5.5,1.58535,NA,NA,NA
412,4.5625,0.761775,36.375,23.375,48,40.5725,47.5,38.1467,6,3.6087,26,69,sseo02,140603,0,NA,0,000,43.1561,-73.2614,NA,NA,66,10.375,3.32156,NA,NA,NA
413,0.8125,0.4375,12,11.125,45.625,38.1707,43,36.6524,6,4.5122,26,41,sseo02,140603,0,NA,0,000,49.3946,-71.5408,NA,NA,41,3,1.20884,NA,NA,NA
414,2.875,0.565848,18.75,12,49.125,39.8158,47.5,37.6942,9,5.08929,26,112,sseo02,140603,0,NA,0,000,40.3274,-74.1684,NA,NA,108,12.0625,4.09821,12.0625,11,37.7173
415,0.5625,0.173611,5.25,4.75,47,40.4306,45.125,33.3611,6,5.44444,26,9,sseo02,140603,0,NA,0,000,46.586,-72.6695,NA,NA,6,5.6875,3.23611,NA,NA,NA
416,0.75,0.335938,8.125,1.5,46.875,39.2812,46.25,36.3281,5,4.75,26,8,sseo02,140603,0,NA,0,000,44.2388,-73.3931,NA,NA,6,6.125,2.91406,NA,NA,NA
417,2.0625,1.00781,13,0.25,46.625,40.0156,46.25,35.5,3,2.5,26,8,sseo02,140603,0,NA,0,000,43.2379,-74.124,NA,NA,7,6.8125,4.11719,NA,NA,NA
418,8.6875,3.02449,13.625,0.875,50.375,40.5929,48.5,35.6064,7,5.24324,26,74,sseo02,140603,0,NA,0,000,43.133,-75.3064,NA,NA,59,10.1875,4.23564,10.1875,33,67.9999
419,0.9375,0.179435,7.25,0.25,47.5,39.1613,46.375,38.2258,7,5.58065,26,31,sseo02,140603,0,NA,0,000,47.0889,-74.7945,NA,NA,31,3.9375,1.37702,NA,NA,NA
420,0.5,0.1675,6.875,0.375,44.375,39.795,44.25,39.03,6,5.52,26,25,sseo02,140603,0,NA,0,000,46.6002,-74.7788,NA,NA,25,2.75,1.36,NA,NA,NA
421,1.4375,0.420363,14.25,1.125,49.875,40.0101,47.625,38.7379,7,5.1129,26,62,sseo02,140603,0,NA,0,000,46.0082,-75.0613,NA,NA,61,3.875,1.53226,NA,NA,NA
422,0.9375,0.425,12.25,0.125,45.5,38.8083,45.5,37.075,6,5.06667,26,15,sseo02,140603,0,NA,0,000,47.4944,-74.7929,NA,NA,14,3.4375,1.61667,NA,NA,NA
423,1.375,0.743535,22.625,4,48.25,40.25,48,38.5991,12,9.2069,26,29,sseo02,140603,0,NA,0,000,25.8057,-82.3772,NA,NA,29,5.875,3.50862,NA,NA,NA
424,1.5625,0.820312,16.875,0.75,46.25,41.4219,46,40.0781,9,8.75,26,8,sseo02,140603,0,NA,0,000,24.7935,-82.5892,NA,NA,8,6.4375,3.30469,NA,NA,NA
425,1.8125,0.6875,15.75,21.375,48.375,40.5139,48,38.3889,9,6.66667,26,9,sseo02,140603,0,NA,0,000,24.9368,-82.8449,NA,NA,9,5.25,3.39583,NA,NA,NA
426,0.4375,0.136364,6,0.625,45.75,40.1591,44.875,36.8977,6,4.90909,26,11,sseo02,140603,0,NA,0,000,39.8241,-81.8397,NA,NA,11,4.5,2.81818,NA,NA,NA
427,4.9375,1.72356,30.75,6.125,49.375,41.4471,49.25,39.25,7,3.69231,26,52,sseo02,140603,0,NA,0,000,33.4943,-83.63,NA,NA,50,5.75,2.60697,NA,NA,NA
428,1.5,0.715278,17.125,1.125,45.25,39.3472,43.125,36.625,6,5.44444,26,9,sseo02,140603,0,NA,0,000,25.3678,-84.0364,NA,NA,8,5.9375,3.15278,NA,NA,NA
429,6.375,1.83013,33.125,6.625,49.875,40.3942,48,37.3462,6,3.89744,26,39,sseo02,140603,0,NA,0,000,34.0622,-85.7852,NA,NA,36,8.625,3.1891,NA,NA,NA
430,0.5,0.153846,18.375,0.125,45.625,40.1923,45.5,39.8077,11,9.30769,26,13,sseo02,140603,0,NA,0,000,26.5083,-85.9589,NA,NA,13,5.1875,2.77404,NA,NA,NA
431,3.375,1.55208,22.25,2.75,49.5,40.5417,46.375,35.4583,5,3.58333,26,12,sseo02,140603,0,NA,0,000,34.7144,-85.9693,NA,NA,10,8.5,3.97396,NA,NA,NA
432,2,0.5475,29.75,5.75,49.125,41.245,48.625,40.195,11,9.32,26,25,sseo02,140603,0,NA,0,000,25.5905,-86.6251,NA,NA,24,6.3125,3.705,NA,NA,NA
433,1.875,0.642045,45,36.875,51.125,40.5284,50.875,37.7386,12,8.52273,26,44,sseo02,140603,0,NA,0,000,25.0855,-86.7987,NA,NA,37,7.6875,3.21733,NA,NA,NA
434,0.125,0.0852273,22.75,5.75,45.375,40.3409,43.375,38.2727,7,6,26,11,sseo02,140603,0,NA,0,000,24.573,-88.8657,NA,NA,11,5.4375,2.70455,NA,NA,NA
435,0.3125,0.0875,9,14,46.75,39.175,46.625,37.8375,12,10.6,26,10,sseo02,140603,0,NA,0,000,26.1616,-91.4666,NA,NA,10,2.9375,1.61875,NA,NA,NA
436,176.438,10.2754,34.875,25.125,55.875,40.2197,52.125,31.5915,24,10.7088,26,3255,sseo02,140603,0,95.1875,0,003,42.2997,-95.1321,89.8346,45,2396,26.875,5.47431,26.875,57,97.595
437,18.625,3.05044,4.375,3.875,46.875,37.1535,40.75,20.0329,13,10.8947,26,57,sseo02,140603,0,NA,0,000,43.0112,-99.8635,NA,NA,20,13.5,3.96162,15.25,16,46.1967
438,236.812,11.7207,12,0.875,50.75,38.5648,45.5,24.2463,19,9.68536,26,642,sseo02,140603,0,236.812,0,003,42.6034,-101.4,108.575,89,381,28.5625,3.59706,23.125,27,70.9117
439,2.875,0.805804,14.75,18.5,48.875,40.7098,47.375,37.5402,4,3.03571,26,28,sseo02,140603,0,NA,0,000,24.0872,-99.0862,NA,NA,24,10.4375,5.02902,10.4375,12,33.25
440,15.1875,1.20457,9.5,7,45.875,38.0361,43,33.176,15,8.91923,26,260,sseo02,140603,0,NA,0,000,49.978,-106.105,NA,NA,220,10.3125,3.0637,NA,NA,NA
441,0.625,0.203125,24,2.125,45.75,41.3958,45.75,41.0104,5,3.75,27,12,sseo02,140603,0,NA,0,000,38.6542,-68.8266,NA,NA,12,3.4375,1.75521,NA,NA,NA
442,1.9375,0.764583,22.875,36.375,47.625,39.3458,46.875,37.3208,5,2.9,27,30,sseo02,140603,0,NA,0,000,43.1294,-73.2051,NA,NA,27,5.375,3.02292,NA,NA,NA
443,0.625,0.189189,9.5,18.25,45,37.9324,43,35.8953,7,5.43243,27,37,sseo02,140603,0,NA,0,000,44.3895,-72.9395,NA,NA,35,4.125,1.8125,NA,NA,NA
444,4.375,1.92935,11.5,1,51,40.3587,50.25,38.2717,3,1.91304,27,23,sseo02,140603,0,NA,0,000,43.2154,-73.8263,NA,NA,22,8.9375,3.05978,NA,NA,NA
445,2.125,1.39773,10.25,0.625,47.25,40.0341,46.875,37.0455,5,2.81818,27,11,sseo02,140603,0,NA,0,000,43.09,-74.4651,NA,NA,9,7,3.29545,NA,NA,NA
446,4,2.26953,11.75,3.25,48,40.125,46.25,37.2578,7,5.625,27,16,sseo02,140603,0,NA,0,000,42.9189,-74.8754,NA,NA,16,9.875,4.08984,NA,NA,NA
447,1.0625,0.443452,9.375,0.125,45.25,39.0238,44.75,37.6845,6,6,27,21,sseo02,140603,0,NA,0,000,46.9271,-74.3275,NA,NA,19,3.5625,1.80952,NA,NA,NA
448,1.5625,0.662162,10.875,0.375,46,40.2601,45.375,39.3784,7,5.08108,27,37,sseo02,140603,0,NA,0,000,46.224,-74.5682,NA,NA,37,2.625,1.41554,NA,NA,NA
449,0.75,0.386905,14.875,11.5,47,39.1012,45.875,37.9048,11,9.28571,27,21,sseo02,140603,0,NA,0,000,25.8169,-82.6425,NA,NA,21,4.1875,2.33333,NA,NA,NA
450,1.4375,0.541667,7.25,0.125,47.125,39.7917,45.375,36.8333,6,4.66667,27,12,sseo02,140603,0,NA,0,000,39.6054,-81.506,NA,NA,11,4.625,2.09375,NA,NA,NA
451,5.6875,1.37899,28.875,27.75,47.5,37.9441,47.125,34.4761,5,2.42553,27,47,sseo02,140603,0,NA,0,000,33.2848,-83.6909,NA,NA,39,5.4375,1.8617,NA,NA,NA
452,3.8125,0.851562,18.5,1.625,47.75,38.4531,45.125,35.6641,5,4.0625,27,16,sseo02,140603,0,NA,0,000,33.9642,-85.9661,NA,NA,14,6.5625,2.56641,NA,NA,NA
453,4.25,2.14062,29.5,19.875,47.5,40.0469,46.375,28.4062,4,3.4375,27,16,sseo02,140603,0,NA,0,000,34.7124,-86.0354,NA,NA,9,9.625,4.76562,NA,NA,NA
454,3,0.876453,40.75,45,48.125,39.6715,47.75,38.218,12,8.88372,27,43,sseo02,140603,0,NA,0,000,25.1692,-86.9169,NA,NA,42,7.9375,2.85174,NA,NA,NA
455,0.6875,0.322917,27.75,6.5,48.5,39.7917,48,36.5104,11,9.41667,27,12,sseo02,140603,0,NA,0,000,25.6645,-86.813,NA,NA,9,4.1875,2.98958,NA,NA,NA
456,196.562,9.39534,48.5,34.875,55.5,40.598,53.5,33.7565,29,10.3244,27,3841,sseo02,140603,0,62.75,0,003,42.1546,-94.4296,33.9942,17,3115,26.25,4.85468,26.25,1477,808.3
457,2.75,0.784091,12.875,0,51.25,41.3864,50.875,30.5795,10,9.63636,27,11,sseo02,140603,0,NA,0,000,24.8037,-94.8666,NA,NA,8,8.25,4.43182,NA,NA,NA
458,232.812,16.2754,12,7,51.625,38.0872,48.375,22.3838,19,11.0598,27,870,sseo02,140603,0,237.812,0,003,42.4614,-100.477,123.442,111,473,28.75,5.30833,28.9375,175,140.331
459,8.8125,1.05536,43.5,17.75,48.5,40.6875,47.875,35.5232,5,3.05714,27,70,sseo02,140603,0,NA,0,000,23.948,-99.3204,NA,NA,58,12.0625,3.81607,12.0625,19,41.5479
460,0.5,0.208333,14.125,17.5,49,41.6806,48.625,39.0417,4,3,27,9,sseo02,140603,0,NA,0,000,24.2826,-99.2264,NA,NA,7,7.25,5.15278,12.0625,19,41.5479
461,14.75,1.20862,13.25,7.625,47.125,38.294,44.75,35.103,13,8.66435,27,432,sseo02,140603,0,NA,0,000,49.4916,-105.896,NA,NA,376,18.5625,3.32364,18.5625,32,62.2207
462,2.0625,0.292572,20.625,7.125,46.125,38.8605,42.625,35.817,8,5.07246,28,69,sseo02,140603,0,NA,0,000,40.5859,-73.2802,NA,NA,64,5.8125,2.65489,NA,NA,NA
463,0.9375,0.240741,10.875,2.75,46.625,39.0139,46.375,36.8426,7,5.18518,28,27,sseo02,140603,0,NA,0,000,39.7693,-73.4717,NA,NA,25,7.125,2.98148,NA,NA,NA
464,4.1875,0.831336,24.625,22.625,48.125,38.3527,46.75,36.4709,5,3.47945,28,73,sseo02,140603,0,NA,0,000,43.22,-73.3004,NA,NA,69,4.625,1.78767,NA,NA,NA
465,1.4375,0.424342,12.625,0.625,47.375,40.6579,47.25,39.4342,8,5.05263,28,19,sseo02,140603,0,NA,0,000,48.7935,-72.307,NA,NA,18,6.4375,2.51645,NA,NA,NA
466,4.8125,1.8875,14.75,1.875,49,40.785,48.625,38.28,6,4.64,28,25,sseo02,140603,0,NA,0,000,43.015,-74.1034,NA,NA,24,6.875,3.5125,NA,NA,NA
467,0.8125,0.381944,8,0,48.125,39.7778,46.75,35.625,4,4,28,9,sseo02,140603,0,NA,0,000,39.6252,-80.7915,NA,NA,6,5.4375,2.03472,NA,NA,NA
468,1.875,0.709559,29.125,13.875,46.875,40.4412,46.5,39.3676,9,8.29412,28,17,sseo02,140603,0,NA,0,000,25.8019,-82.7265,NA,NA,17,4.6875,2.29044,NA,NA,NA
469,0.375,0.159091,22.75,27.25,45.875,40.2727,44.625,36.3409,6,4.45455,28,11,sseo02,140603,0,NA,0,000,24.6566,-88.8875,NA,NA,8,6.125,3.13636,NA,NA,NA
470,150.5,9.87622,33.5,48.5,54.5,40.3498,53.625,32.7325,24,10.3104,28,4047,sseo02,140603,0,107.375,0,003,41.9046,-93.7955,269.036,345,3270,25.4375,4.66114,25.4375,1555,745.145
471,6.1875,1.32292,7.25,0,45.625,39.4948,44.875,24.0469,8,7.41667,28,24,sseo02,140603,0,NA,0,000,39.8295,-91.7249,NA,NA,15,9.25,3.13021,NA,NA,NA
472,1.75,1.14062,13.375,2,49,41.4844,47.25,35.4688,11,10.25,28,8,sseo02,140603,0,NA,0,000,24.725,-94.8106,NA,NA,7,6.5,3.5625,NA,NA,NA
473,160.25,9.78758,11.5,5.875,50.5,38.277,44.875,27.056,20,10.5131,28,918,sseo02,140603,0,182.25,0,003,42.3929,-99.5882,130.097,122,619,22.375,4.54092,25.5,240,203.086
474,4.125,0.364583,26.625,18.625,49.625,39.5256,48.5,33.7163,11,4.12821,28,78,sseo02,140603,0,NA,0,000,24.0688,-99.5195,NA,NA,62,14.5625,3.46154,15.25,26,44.9069
475,10.0625,0.571049,14.5,8.875,49.625,38.2234,44.625,33.7322,13,7.47505,28,541,sseo02,140603,0,NA,0,000,48.8554,-105.707,NA,NA,480,15.9375,2.60467,10.6875,21,48.8435
476,1.375,0.259174,17.875,8.5,45.125,38.7982,44.75,37.5447,7,4.98165,29,109,sseo02,140603,0,NA,0,000,39.6266,-73.043,NA,NA,107,6,2.19954,NA,NA,NA
477,0.8125,0.232955,10.375,0.625,45.25,39.8182,42.5,35.5455,7,6.81818,29,11,sseo02,140603,0,NA,0,000,38.7131,-73.8911,NA,NA,10,5.6875,2.72159,NA,NA,NA
478,0.125,0.0208333,9.5,0.5,45,40,43.5,38.7083,6,4.875,29,24,sseo02,140603,0,NA,0,000,49.6532,-71.7862,NA,NA,24,2.8125,1.71875,NA,NA,NA
479,0.75,0.230263,16.125,6.375,46.5,39.5658,44.375,37.1447,4,2.84211,29,19,sseo02,140603,0,NA,0,000,43.7318,-73.4147,NA,NA,18,4.8125,2.38158,NA,NA,NA
480,3.75,1.30729,17.25,16.875,50.375,41.2812,48.875,39.7743,5,3.91667,29,36,sseo02,140603,0,NA,0,000,42.9522,-73.6126,NA,NA,36,5.4375,2.7309,NA,NA,NA
481,1.25,0.323529,8.375,0.25,45.5,42.2059,44.375,39.0662,6,4.11765,29,17,sseo02,140603,0,NA,0,000,38.1586,-76.0392,NA,NA,15,12.875,6.53309,12.875,9,29.6569
482,1.8125,0.703947,30.625,29.125,44.875,39.1513,44.5,37.5855,9,7.73684,29,19,sseo02,140603,0,NA,0,000,25.7804,-82.8008,NA,NA,18,6.4375,2.54605,NA,NA,NA
483,1.9375,0.761574,36.125,10.625,50.75,41.7407,49.5,37.338,8,6.2963,29,27,sseo02,140603,0,NA,0,000,24.7686,-88.7763,NA,NA,23,8.9375,3.89352,NA,NA,NA
484,112.938,10.1081,38.375,33.5,54.375,40.5849,51.75,34.1398,23,10.4544,29,4014,sseo02,140603,0,111.5,0,003,41.5912,-93.0589,159.45,133,3354,25.0625,4.5926,25.0625,1186,526.092
485,5.6875,2.26562,2.875,0,48.25,41.4896,47.875,38.5938,12,10.1667,29,12,sseo02,140603,0,NA,0,000,40.42,-91.4353,NA,NA,10,14.9375,6.71875,14.9375,8,26.8033
486,7.1875,2.39773,12.125,19.625,49.75,41.5227,49.125,34.5341,10,7.72727,29,22,sseo02,140603,0,NA,0,000,40.642,-91.9997,NA,NA,15,12.0625,5.13352,24,232,186.828
487,30.5,17.502,9.25,13.125,47.625,38.9238,41.75,26.0605,17,13.7031,29,64,sseo02,140603,0,111.5,0,000,41.6546,-96.3487,159.45,133,37,12.1875,8.07812,25.0625,1186,526.092
488,11.75,5.11821,1.25,4.25,47.375,38.7799,37.75,17.3397,12,10.7609,29,46,sseo02,140603,0,NA,0,000,42.582,-96.8108,NA,NA,15,9.75,5.12092,15.0625,315,355.604
489,1.8125,0.95,8.625,4.5,49.375,42.05,49.125,38.725,12,10.4,29,10,sseo02,140603,0,NA,0,000,24.6484,-95.2885,NA,NA,9,5.0625,3.0875,NA,NA,NA
490,84.25,12.7667,11.5,7.5,52.625,39.3064,49.125,27.207,22,11.6362,29,756,sseo02,140603,0,84.25,0,000,41.9423,-98.6727,157.189,140,436,22.3125,7.54845,22.3125,312,271.239
491,4.625,0.79375,33.125,12.375,47.75,40.1562,46.75,38.3906,7,4.25,29,40,sseo02,140603,0,NA,0,000,24.1589,-99.6768,NA,NA,38,10.1875,3.19531,10.375,16,38.3565
492,72.25,4.03707,14.625,10.75,51.375,38.3977,45.5,31.6485,16,7.54739,29,612,sseo02,140603,0,72.25,0,000,48.6494,-105.427,51.1428,32,482,20.8125,3.56893,20.8125,38,54.677
493,1.125,0.333984,21.125,5.625,46,39.2461,45.125,37.9121,6,5.57812,30,64,sseo02,140603,0,NA,0,000,40.4061,-72.2037,NA,NA,63,4.375,1.65332,NA,NA,NA
494,1.75,0.327055,17,15.875,47.875,39.2431,47.5,37.464,7,5.00685,30,146,sseo02,140603,0,NA,0,000,39.4382,-72.8036,NA,NA,141,6.25,1.86002,NA,NA,NA
495,1.25,0.34375,6.125,0.5,46.25,41.6979,44.375,39.375,9,7.33333,30,12,sseo02,140603,0,NA,0,000,38.8888,-73.4779,NA,NA,12,4.25,3.09896,NA,NA,NA
496,2.125,0.866379,17,4.5,46.125,40.0431,45.625,38.3103,5,3.86207,30,29,sseo02,140603,0,NA,0,000,43.6998,-73.2128,NA,NA,28,4.1875,2.02155,NA,NA,NA
497,0.4375,0.115854,14.375,0.375,45.25,39.7439,44.625,38.5183,7,5.29268,30,41,sseo02,140603,0,NA,0,000,50.1094,-71.5674,NA,NA,41,3.5,2.08079,NA,NA,NA
498,1.9375,0.335648,11.375,2.125,45.375,39.2824,42.75,36.8009,11,8.22222,30,27,sseo02,140603,0,NA,0,000,37.989,-75.7741,NA,NA,25,8.4375,2.68981,11.4375,19,49.1081
499,0.1875,0.0568182,13,0.75,45.5,39.6705,45.125,36.8977,10,9.09091,30,11,sseo02,140603,0,NA,0,000,27.0232,-87.0762,NA,NA,9,2.8125,1.82955,NA,NA,NA
500,122.438,7.45868,26.875,7.625,56,40.2205,55.25,31.5882,19,8.57601,30,717,sseo02,140603,0,122.438,0,003,40.801,-90.2633,87.4534,44,475,25.1875,3.90891,25.1875,226,157.017
501,2.375,0.708333,3.375,0,48,39.5278,47.25,34.4931,9,7.72222,30,18,sseo02,140603,0,NA,0,000,39.5026,-90.2696,NA,NA,16,7.5,3.45833,NA,NA,NA
502,114.5,10.6448,32.75,38.375,56,40.2326,54.125,34.028,24,10.8895,30,3320,sseo02,140603,0,108.812,0,003,41.4507,-92.9025,139.595,102,2829,24.625,4.82204,24.625,1179,579.175
503,3.6875,0.799479,4.5,0.125,45.625,38.5625,43.75,32.7656,10,8.83333,30,24,sseo02,140603,0,NA,0,000,39.7841,-90.8603,NA,NA,17,11,3.375,11,12,33.9906
504,62.5,12.9364,25.25,9.375,50.625,39.6162,47.5,30.7774,21,10.2232,30,941,sseo02,140603,0,62.5,0,000,41.9024,-97.6154,143.36,195,640,21.0625,6.88204,14.125,31,77.8326
505,1.25,0.168269,17.25,0.875,49.375,40.2981,46.875,37.5,4,3.53846,30,13,sseo02,140603,0,NA,0,000,23.8499,-98.5533,NA,NA,13,8.625,4.01442,NA,NA,NA
506,12.5,2.19053,14.125,11.25,46.875,39.2118,44.5,37.321,12,9.0534,30,206,sseo02,140603,0,NA,0,000,48.7816,-104.749,NA,NA,200,13.75,3.84709,13.75,59,79.3348
507,63.125,9.83663,16.5,13.25,49.625,38.9424,46.625,28.5797,18,10.3209,30,215,sseo02,140603,0,63.125,0,000,47.8909,-105.435,77.885,32,142,20.6875,5.15203,20.6875,101,101.647
508,1,0.367188,36,4.875,48.625,41.2344,48.5,40.2344,8,6.25,31,8,sseo02,140603,0,NA,0,000,23.5844,-72.3125,NA,NA,8,3.1875,1.94531,NA,NA,NA
509,1.5,0.327538,17.875,21.125,46.25,39.2603,43.25,37.1203,6,4.37594,31,133,sseo02,140603,0,NA,0,000,40.4474,-72.0118,NA,NA,131,3.5,1.35855,NA,NA,NA
510,1.75,0.307248,13.875,7.25,46.625,39.833,46.375,38.0179,8,5.77311,31,119,sseo02,140603,0,NA,0,000,38.684,-72.923,NA,NA,115,4.8125,2.18225,NA,NA,NA
511,1.875,0.628049,13.75,14.375,46.25,37.6372,42.875,35.7104,7,4.95122,31,41,sseo02,140603,0,NA,0,000,39.235,-72.6451,NA,NA,41,4.875,1.86433,NA,NA,NA
512,0.375,0.075,9.375,1.5,46.25,40.025,42.125,36.6375,5,3.45,31,20,sseo02,140603,0,NA,0,000,37.9321,-72.9323,NA,NA,19,2.8125,1.56562,NA,NA,NA
513,0.8125,0.261029,11,13.375,48.375,40.625,45,37.6691,6,5.29412,31,17,sseo02,140603,0,NA,0,000,39.5439,-73.0624,NA,NA,17,4.0625,2.18015,NA,NA,NA
514,1.25,0.302083,14.625,0.25,48,41.1042,45.125,37.0521,9,6.45833,31,24,sseo02,140603,0,NA,0,000,36.3384,-74.8461,NA,NA,23,7.3125,2.46094,NA,NA,NA
515,0.4375,0.145833,6.375,0,46.125,39.6458,45,36.3438,10,8.5,31,12,sseo02,140603,0,NA,0,000,37.5297,-75.9604,NA,NA,10,5.0625,3.0625,NA,NA,NA
516,0.75,0.427083,20.625,1.125,49.75,42.3021,49.75,41.4896,7,6.16667,31,12,sseo02,140603,0,NA,0,000,26.6872,-86.7243,NA,NA,12,5.5,2.67188,NA,NA,NA
517,135,10.0243,37.25,38.875,56.25,40.626,55.875,33.8676,27,10.4675,31,3634,sseo02,140603,0,85.3125,0,003,40.9713,-91.5607,138.621,113,2942,25.625,4.94455,25.125,954,517.801
518,63.125,9.91193,24.125,11.75,52,40.1687,49.875,34.1557,17,9.36138,31,1046,sseo02,140603,0,63.125,0,000,41.6762,-96.5011,122.501,101,837,18.9375,5.72694,19.4375,641,428.249
519,0,0,9.375,2.25,49.125,40.7639,48.875,38.375,4,2.77778,31,9,sseo02,140603,0,NA,0,000,23.8692,-98.6589,NA,NA,8,4.3125,2.88194,NA,NA,NA
520,42.125,5.95722,15,9.5,50.625,39.2329,46.125,32.2176,19,9.30357,31,336,sseo02,140603,0,NA,0,000,48.0661,-104.614,NA,NA,261,17.6875,4.81994,17.6875,131,109.637
521,2.5,1.07386,41,16.125,51.5,43.4432,51.375,41.875,8,7.09091,32,11,sseo02,140603,0,NA,0,000,23.5311,-72.4043,NA,NA,11,5.5625,3.13068,NA,NA,NA
522,0.5625,0.112939,12.375,6.875,47.125,38.6974,41.75,35.7741,5,4.42105,32,57,sseo02,140603,0,NA,0,000,39.8117,-71.8949,NA,NA,56,2.4375,1.13048,NA,NA,NA
523,2.6875,0.631135,22,9.125,48.375,41.309,47.625,38.6135,7,5.6135,32,163,sseo02,140603,0,NA,0,000,38.3982,-72.7587,NA,NA,157,4.1875,2.42408,NA,NA,NA
524,0.5,0.0481771,9.375,0.25,48,40.1302,44.375,37.5339,9,7.08333,32,48,sseo02,140603,0,NA,0,000,37.6003,-73.0045,NA,NA,47,2.8125,1.53776,NA,NA,NA
525,1,0.411458,9.625,6.5,45.875,39.3646,44.75,37.4271,7,6.16667,32,12,sseo02,140603,0,NA,0,000,39.8435,-72.5457,NA,NA,12,2.625,1.625,NA,NA,NA
526,0.375,0.09375,6,0.5,45.375,39.4688,44.5,35.3937,7,6.1,32,20,sseo02,140603,0,NA,0,000,36.8256,-73.8082,NA,NA,18,4.875,1.94375,NA,NA,NA
527,1.125,0.283654,18.75,14.625,46.875,39.8327,45.625,36.3962,10,7.6,32,65,sseo02,140603,0,NA,0,000,36.2112,-74.7411,NA,NA,59,8.3125,2.66635,NA,NA,NA
528,1.0625,0.333333,15.25,19.75,48.75,39.2738,48.125,35.6369,10,8.28571,32,21,sseo02,140603,0,NA,0,000,24.2749,-82.0865,NA,NA,19,7.4375,2.79762,NA,NA,NA
529,0.0625,0.0340909,36.25,14.625,50.625,40.125,50.625,37.0114,7,5.63636,32,11,sseo02,140603,0,NA,0,000,26.2931,-83.2013,NA,NA,9,6.0625,2.73295,NA,NA,NA
530,0.875,0.317308,38.25,11,51.125,40.9519,51,38.8558,8,6.03846,32,26,sseo02,140603,0,NA,0,000,26.8091,-86.8558,NA,NA,24,6.875,2.72596,NA,NA,NA
531,106.562,8.72499,48.875,35,56.75,40.8338,55.5,33.3386,26,10.6485,32,3021,sseo02,140603,0,58.0625,0,003,40.5039,-90.8231,65.1204,51,2417,24.4375,5.0198,23.875,732,384.559
532,81.125,11.9682,19.5,9.625,52,39.9541,50.125,34.1413,18,9.29707,32,1195,sseo02,140603,0,81.125,0,000,41.4549,-95.1992,143.652,177,965,18.8125,5.48462,18.8125,702,365.138
533,0.5625,0.078125,23.625,6.625,45,39.4062,42.75,35.5625,3,2.5,32,12,sseo02,140603,0,NA,0,000,23.8164,-98.8649,NA,NA,11,7.125,2.82812,NA,NA,NA
534,18.8125,5.37559,15.75,8.375,48.375,39.9055,46.125,33.6048,18,8.21835,32,316,sseo02,140603,0,NA,0,000,47.9554,-104.122,NA,NA,253,17.3125,5.74525,17.3125,197,154.626
535,8.8125,2.91667,57.75,39.125,52.375,41.3462,52.25,36.2147,11,7.87179,33,39,sseo02,140603,0,NA,0,000,23.3825,-72.5978,NA,NA,31,9.25,3.79167,NA,NA,NA
536,3,0.78125,37.375,32.25,49.875,42.2625,49.75,41.15,10,8.3,33,10,sseo02,140603,0,NA,0,000,23.0876,-73.4913,NA,NA,10,7.3125,4.475,NA,NA,NA
537,2.5,0.493314,18.125,13.75,49.125,39.1093,46,37.4093,7,5.2093,33,215,sseo02,140603,0,NA,0,000,38.0966,-72.4932,NA,NA,214,5.5625,1.99302,NA,NA,NA
538,0.9375,0.46875,15.125,12.375,47.75,41.2589,45.375,38.75,6,5.85714,33,14,sseo02,140603,0,NA,0,000,39.8529,-72.1356,NA,NA,14,3.375,2.00893,NA,NA,NA
539,0.625,0.105114,7.375,1.75,45.625,38.3939,41.75,36.3504,8,6.45455,33,66,sseo02,140603,0,NA,0,000,37.201,-72.9661,NA,NA,66,2.625,1.2358,NA,NA,NA
540,1.0625,0.513393,12.625,3.625,45.625,40.8661,44.125,38.5804,6,5.21429,33,14,sseo02,140603,0,NA,0,000,36.6952,-73.9369,NA,NA,14,5.375,3.86161,NA,NA,NA
541,2,0.390369,20.625,6.25,46.875,39.3156,44.875,35.9037,10,8.09836,33,61,sseo02,140603,0,NA,0,000,35.9595,-74.6351,NA,NA,57,6.6875,1.99488,NA,NA,NA
542,0.125,0.0130208,9.625,0.625,45,38.3906,44,34.901,11,10.1667,33,24,sseo02,140603,0,NA,0,000,36.229,-74.3382,NA,NA,21,5.3125,1.80469,NA,NA,NA
543,0.8125,0.208333,11.625,0.25,45.625,38.7604,42.625,35.5104,10,9.75,33,12,sseo02,140603,0,NA,0,000,35.4576,-75.0141,NA,NA,10,7.75,3.96354,NA,NA,NA
544,0.75,0.369318,27,1,45.75,40.1364,45.25,36.4886,8,7.27273,33,11,sseo02,140603,0,NA,0,000,26.0145,-84.1843,NA,NA,10,6.875,2.86932,NA,NA,NA
545,1.1875,0.659722,24.5,0.25,48,40.2361,47.625,36.7917,5,4.33333,33,9,sseo02,140603,0,NA,0,000,25.9557,-84.8294,NA,NA,7,6.4375,3.15972,NA,NA,NA
546,2.4375,1.27841,24.125,17.625,48.5,39.6932,47.875,37.6136,10,8,33,22,sseo02,140603,0,NA,0,000,26.7975,-86.6452,NA,NA,22,6.5625,3.52841,NA,NA,NA
547,1.1875,0.503125,20.375,0.625,48.625,42.4188,48.625,40.8625,9,6.25,33,20,sseo02,140603,0,NA,0,000,27.1459,-86.9386,NA,NA,19,5.5,2.79063,NA,NA,NA
548,118.938,7.77609,63.625,48.875,56.125,41.0089,55.375,35.5343,26,9.80891,33,2695,sseo02,140603,0,102.625,0,003,40.31,-89.9012,189.041,299,2311,23.6875,4.5247,23.6875,612,314.453
549,9.125,5.92045,10.25,18.5,47.125,38.2311,38.5,26.0189,16,10.0606,33,33,sseo02,140603,0,NA,0,000,39.6921,-92.3991,NA,NA,15,10.4375,8.1572,12.0625,93,128.089
550,62.6875,6.99083,17.375,17.5,50.25,39.1745,50,33.3674,16,9.08377,33,1349,sseo02,140603,0,79.0625,0,000,40.9997,-94.2561,97.3194,94,1101,16.5625,4.60619,18.5,635,427.367
551,14,2.95515,15,11.75,47.125,39.6327,44.625,36.6202,13,7.44412,33,340,sseo02,140603,0,NA,0,000,47.9869,-103.449,NA,NA,310,12.3125,4.61636,10.8125,38,80.9633
552,2.8125,0.784722,35,9.875,48.5,43.4167,48.25,42.4306,9,6.77778,34,9,sseo02,140603,0,NA,0,000,23.5979,-72.0113,NA,NA,9,4.625,2.23611,NA,NA,NA
553,1.0625,0.25625,18,0.375,49.625,41.375,49.625,39.5125,8,6.7,34,10,sseo02,140603,0,NA,0,000,23.7931,-72.1013,NA,NA,9,3.9375,2.3875,NA,NA,NA
554,18.0625,4.05195,65,57.75,54.625,41,54.25,29.9789,12,9.05195,34,77,sseo02,140603,0,NA,0,000,23.2951,-72.6464,NA,NA,54,10.75,3.72078,NA,NA,NA
555,1.4375,0.70625,17.375,19.375,49,40.7875,46.375,38.8,9,7.7,34,10,sseo02,140603,0,NA,0,000,23.1244,-73.302,NA,NA,10,5.3125,3.16875,NA,NA,NA
556,0.625,0.13186,13.375,9.375,46.75,36.311,44,34.2759,7,5.2439,34,82,sseo02,140603,0,NA,0,000,37.7849,-72.4597,NA,NA,80,3.8125,1.57165,NA,NA,NA
557,0.375,0.102273,7.875,0.5,46,39.3523,40.125,36.3295,9,8.09091,34,11,sseo02,140603,0,NA,0,000,36.2151,-73.6077,NA,NA,11,3.5625,1.52273,NA,NA,NA
558,1.1875,0.216912,9.875,11.25,45.625,40.5441,44.5,34.6397,9,6.70588,34,17,sseo02,140603,0,NA,0,000,36.2756,-74.434,NA,NA,15,8.0625,4.23529,NA,NA,NA
559,1.875,0.645833,12.875,0.125,47.625,38.7546,43.875,36.1528,11,9.55556,34,27,sseo02,140603,0,NA,0,000,35.5714,-74.5779,NA,NA,26,6.625,1.88426,NA,NA,NA
560,0.125,0.0364583,9.875,0.375,44.75,41.1562,44.5,40.7708,6,6,34,12,sseo02,140603,0,NA,0,000,49.6187,-72.1674,NA,NA,12,2.0625,1.55208,NA,NA,NA
561,1.3125,0.609375,17.125,13.875,47,40.1146,46.375,35.0729,11,8.5,34,12,sseo02,140603,0,NA,0,000,24.2245,-82.0832,NA,NA,10,7.75,3.01562,NA,NA,NA
562,1.1875,0.755682,18.75,1.125,49.25,41.6136,48.125,36.6705,9,8,34,11,sseo02,140603,0,NA,0,000,24.5959,-82.9926,NA,NA,10,6.625,3.67045,NA,NA,NA
563,2,0.914773,26.5,0.25,49.75,40.4545,49.375,38.8864,8,7.09091,34,11,sseo02,140603,0,NA,0,000,24.938,-83.6159,NA,NA,11,10.375,4.28977,10.375,4,16.1534
564,1.75,0.75,37.125,21.75,50.75,39.7237,50.5,38.4868,8,6.05263,34,38,sseo02,140603,0,NA,0,000,26.6575,-86.903,NA,NA,36,7.6875,3.06086,NA,NA,NA
565,1.5625,0.679276,38.875,20.375,46.25,40.5888,46,39.5625,9,6.86842,34,38,sseo02,140603,0,NA,0,000,27.2234,-87.0732,NA,NA,38,5.625,2.51316,NA,NA,NA
566,138.062,6.99249,63.375,63.625,55.625,41.3286,54.375,35.6326,20,9.23976,34,2148,sseo02,140603,0,138.062,0,003,40.0001,-89.1972,123.35,118,1826,23.1875,3.96686,22.9375,532,270.544
567,32.75,6.4294,11,22.625,51.375,40.3095,48.875,34.6678,18,10.4602,34,741,sseo02,140603,0,NA,0,000,40.3692,-92.6751,NA,NA,605,21.1875,4.81334,21.1875,420,349.025
568,1.0625,0.390625,0.5,10.625,44.25,38.2083,41,24.5729,5,4,34,12,sseo02,140603,0,NA,0,000,39.7636,-92.7828,NA,NA,5,8.25,4.27083,NA,NA,NA
569,8.3125,0.895192,14.75,12.875,44.625,37.341,42,33.1865,14,7.17949,34,195,sseo02,140603,0,NA,0,000,48.2383,-103.038,NA,NA,166,7.3125,3.00769,NA,NA,NA
570,12.6875,2.90625,81.125,35,53.75,42.0455,53.375,40.2557,10,7.63636,35,22,sseo02,140603,0,NA,0,000,23.5682,-72.0715,NA,NA,21,12.5625,4.24432,12.5625,6,15.6917
571,1.6875,0.404412,32.125,16,50.25,40.6324,50.25,39.1471,9,7.41176,35,17,sseo02,140603,0,NA,0,000,23.9075,-72.1841,NA,NA,17,5.5625,3.48162,NA,NA,NA
572,21.625,4.85497,51.5,50,53,41.2308,52.75,36.6651,14,9.34615,35,78,sseo02,140603,0,NA,0,000,23.1977,-72.8798,NA,NA,65,11.6875,4.33734,11.6875,32,84.5833
573,2.0625,0.825,31.625,14.875,49.5,41.3375,49.125,39.6125,7,5.5,35,10,sseo02,140603,0,NA,0,000,23.8892,-72.6015,NA,NA,10,4.625,2.5125,NA,NA,NA
574,0.875,0.1875,16.625,0,48.875,40.7938,47.875,36.1,10,8,35,20,sseo02,140603,0,NA,0,000,35.8444,-72.5652,NA,NA,17,10.4375,3.63125,NA,NA,NA
575,0.5,0.182292,7.625,1.5,47.875,40,41.375,36.1979,9,8.33333,35,12,sseo02,140603,0,NA,0,000,36.3914,-72.8106,NA,NA,12,3.1875,1.85417,NA,NA,NA
576,0.5625,0.223958,11.625,4.375,48.875,41.1875,46.875,37.6146,6,3.75,35,12,sseo02,140603,0,NA,0,000,36.5721,-72.9321,NA,NA,10,4.75,2.59896,NA,NA,NA
577,0.0625,0.0078125,9,0.125,47.875,40.7969,43.125,35.5938,10,8.75,35,8,sseo02,140603,0,NA,0,000,35.8849,-73.3613,NA,NA,6,6.375,2.90625,NA,NA,NA
578,0.8125,0.40625,10,7.625,46.5,40.7125,45.375,34.625,7,6.2,35,10,sseo02,140603,0,NA,0,000,36.2547,-73.8486,NA,NA,7,4.8125,2.88125,NA,NA,NA
579,2.5,1.19196,23,10.875,48.25,39.5625,47.75,37.5625,11,9,35,14,sseo02,140603,0,NA,0,000,24.2318,-81.8861,NA,NA,13,7.625,4.04911,NA,NA,NA
580,0.9375,0.4125,19.125,1.125,49.125,40.9167,47,37.3583,10,8.66667,35,15,sseo02,140603,0,NA,0,000,24.3102,-82.4059,NA,NA,13,7.5625,4.02083,NA,NA,NA
581,0.75,0.334821,18,0.125,49,40.7411,48,38.3036,11,9.42857,35,14,sseo02,140603,0,NA,0,000,24.5854,-83.2705,NA,NA,13,7.1875,3.43304,NA,NA,NA
582,0.5625,0.270833,26.75,5.75,49.25,39.5333,48.625,36.5417,9,8.46667,35,15,sseo02,140603,0,NA,0,000,25.5696,-83.5407,NA,NA,15,9.125,3.90833,NA,NA,NA
583,1,0.3,30.375,2.5,49.5,41.9062,48.5,38.7875,9,7.2,35,20,sseo02,140603,0,NA,0,000,25.357,-83.742,NA,NA,18,9.4375,3.84063,NA,NA,NA
584,1,0.494318,17.375,8.125,48.5,40.6818,48.125,36.0341,9,7.63636,35,11,sseo02,140603,0,NA,0,000,25.7102,-84.3618,NA,NA,9,8.5625,4.32386,NA,NA,NA
585,2.375,0.715726,29.25,27.375,48,39.2419,46.375,37.1331,9,6.93548,35,31,sseo02,140603,0,NA,0,000,25.8412,-84.7626,NA,NA,29,7.125,3.1754,NA,NA,NA
586,1.875,0.854167,24.375,24.25,49.375,41.6719,48.875,40.2917,7,5.83333,35,24,sseo02,140603,0,NA,0,000,27.0706,-86.8379,NA,NA,22,4.625,2.53906,NA,NA,NA
587,0.9375,0.306818,21,35.375,46,39.2159,45.875,37.6023,8,6.27273,35,11,sseo02,140603,0,NA,0,000,26.5363,-86.814,NA,NA,11,5.0625,2.31818,NA,NA,NA
588,102.25,7.04892,57.75,63.375,55.625,41.3758,53.875,36.6546,18,8.76033,35,1790,sseo02,140603,0,127.312,0,003,39.9399,-88.2542,115.864,92,1564,21,4.07151,17.125,158,208.044
589,3.4375,1.29715,1.25,27.125,46.25,37.943,38.5,29.364,13,10.3509,35,57,sseo02,140603,0,NA,0,000,40.4588,-90.2631,NA,NA,36,6.375,1.9057,NA,NA,NA
590,19.375,5.75318,11.125,35.5,50.75,41.132,49.25,34.2368,15,9.32545,35,550,sseo02,140603,0,NA,0,000,39.6941,-91.8736,NA,NA,452,17.375,6.34,21.4375,1171,698.827
591,0.5625,0.125753,7.375,14.875,45.25,37.8901,45,32.4036,7,4.61446,35,83,sseo02,140603,0,NA,0,000,38.6801,-91.722,NA,NA,58,9.3125,2.76054,12.625,58,137.367
592,0.5625,0.15,9.75,0.375,47.75,40.15,46.5,29.2625,9,8.1,35,10,sseo02,140603,0,NA,0,000,24.1589,-97.2858,NA,NA,7,7.5,4.34375,NA,NA,NA
593,1.4375,0.402778,26.25,1,49.75,41.1667,49.625,40.4861,8,7.22222,36,9,sseo02,140603,0,NA,0,000,23.9996,-71.9355,NA,NA,9,4.8125,1.99306,NA,NA,NA
594,12.625,3.25605,68.625,81.125,54,41.1734,53.625,26.4234,11,9.25806,36,31,sseo02,140603,0,NA,0,000,23.4562,-72.1703,NA,NA,21,13.8125,4.43548,13.8125,10,25.0082
595,2.5,1.09375,45.125,26.375,50.125,41.4844,49.75,40.2031,7,5.875,36,8,sseo02,140603,0,NA,0,000,23.8735,-72.6555,NA,NA,8,5.1875,2.98438,NA,NA,NA
596,10.8125,2.15022,53.75,38.75,47.875,39.3816,47.125,36.5636,13,8.49123,36,57,sseo02,140603,0,NA,0,000,23.1046,-73.1275,NA,NA,51,9.0625,3.39474,NA,NA,NA
597,0.875,0.245192,30.75,13,48.125,42.4519,48,37.8365,8,5.84615,36,13,sseo02,140603,0,NA,0,000,23.1471,-73.7796,NA,NA,11,5.3125,3.5,NA,NA,NA
598,1.625,0.453704,15.75,0,48.75,40.7593,46.5,38.5,11,9.48148,36,27,sseo02,140603,0,NA,0,000,36.366,-71.8329,NA,NA,26,5.4375,2.14352,NA,NA,NA
599,2.75,0.34082,14.75,0,49.875,40.2891,49.5,36.5742,12,7.39062,36,64,sseo02,140603,0,NA,0,000,35.7716,-72.2715,NA,NA,56,9.125,2.75391,NA,NA,NA
600,1.8125,0.32337,12.5,0.125,49.875,40.0761,48.5,35.5761,10,8.6087,36,23,sseo02,140603,0,NA,0,000,35.2771,-73.5785,NA,NA,19,9.1875,2.97283,12.6875,12,33.6075
601,1.5625,0.390909,26.375,15.875,48.5,39.45,48.125,36.8909,10,7.50909,36,55,sseo02,140603,0,NA,0,000,24.2672,-82.6365,NA,NA,52,8.0625,3.21364,NA,NA,NA
602,2.9375,0.903571,37.75,30.375,51,40.6643,50.875,39.025,11,8.08571,36,35,sseo02,140603,0,NA,0,000,25.3526,-83.7773,NA,NA,34,9.875,3.98929,NA,NA,NA
603,1.4375,0.671875,27.125,7.875,50.25,41.8958,50.125,40.25,9,7.41667,36,12,sseo02,140603,0,NA,0,000,24.822,-83.8374,NA,NA,10,9.4375,3.32292,NA,NA,NA
604,1.3125,0.566667,24,16,45.375,39.4917,44.625,36.8417,9,8.2,36,15,sseo02,140603,0,NA,0,000,25.774,-84.558,NA,NA,15,6.75,2.95,NA,NA,NA
605,104,8.12848,55.125,57.75,54.75,41.195,54.375,37.3528,17,8.05363,36,1473,sseo02,140603,0,107.125,0,003,39.9853,-87.3208,129.606,80,1294,19.9375,4.22862,15.25,22,41.5597
606,1.8125,0.95,24.375,10.75,48.125,40.3417,46.5,38.0167,8,6.93333,36,15,sseo02,140603,0,NA,0,000,26.7179,-86.8907,NA,NA,15,7.875,3.55417,NA,NA,NA
607,1.8125,0.732422,30.375,12.625,47.375,40.6484,47.25,39.4492,7,5.78125,36,32,sseo02,140603,0,NA,0,000,27.1766,-86.9801,NA,NA,31,4.125,2.22266,NA,NA,NA
608,0.875,0.225694,45.25,36.25,50,41.9375,49.5,37.125,7,5.55556,36,18,sseo02,140603,0,NA,0,000,25.2286,-87.7683,NA,NA,15,8.3125,3.26389,NA,NA,NA
609,27.75,5.10746,15,45.125,51.375,41.1601,49.875,35.5737,17,10.2875,36,734,sseo02,140603,0,NA,0,000,39.4112,-90.5442,NA,NA,619,14.5625,5.56761,14.5625,528,308.204
