/PNum,uh,uha,ppt,ppta,reflc,reflca,ref1km,ref1kma,WMAG,WMAGa,time,area,member,Date,Reports,UHobj,NREPS,MREPS,lat,lon,uhlength,uharea,1kmArea,Updraft,Updrafta,Upobj,Uparea,Uplen
0,0.8125,0.154404,10,5.125,48.125,39.5637,39.0625,33.3952,9,6.01688,14,474,sseo07,140603,0,NA,0,000,48.9177,-74.4724,NA,NA,382,0.875,0.509889,NA,NA,NA
1,0.625,0.164133,8.9375,4.5,44.375,38.5648,38.3125,34.8055,5,4.30631,14,111,sseo07,140603,0,NA,0,000,46.6844,-75.0361,NA,NA,106,0.625,0.431869,NA,NA,NA
2,3.65625,0.803823,18.5625,13.8125,49.4688,39.9351,44.7812,31.2889,7,4.11063,14,922,sseo07,140603,0,NA,0,000,44.1845,-77.2022,NA,NA,612,2.28125,0.887947,NA,NA,NA
3,3.25,0.923231,10.625,2.125,50.5312,42.1104,43.25,33.5289,7,5.53376,14,311,sseo07,140603,0,NA,0,000,41.717,-78.1203,NA,NA,231,2.0625,0.897006,NA,NA,NA
4,3.25,0.940957,16.5938,8.78125,48.4062,39.9911,43.5938,33.3777,9,6.36283,14,678,sseo07,140603,0,NA,0,000,39.503,-79.4867,NA,NA,541,2.15625,0.972944,NA,NA,NA
5,2.03125,0.154789,20.9062,17.0938,51.0938,40.3313,43.9688,32.6794,11,8.60697,14,1005,sseo07,140603,0,NA,0,000,25.86,-83.5239,NA,NA,654,1.71875,0.624347,NA,NA,NA
6,3.5625,0.901718,16.6875,3.03125,48.0312,40.8056,45.4062,34.6884,6,5.02799,14,393,sseo07,140603,0,NA,0,000,37.551,-82.2374,NA,NA,319,3.3125,1.23799,NA,NA,NA
7,1,0.0602814,11.1562,12.2812,46.8438,38.9949,39.2188,31.2809,10,7.56187,14,493,sseo07,140603,0,NA,0,000,28.4209,-85.5594,NA,NA,325,0.625,0.305591,NA,NA,NA
8,2.03125,0.584441,9.625,0.125,44.0625,39.0525,43.0938,36.0638,4,3,14,47,sseo07,140603,0,NA,0,000,49.2435,-83.6851,NA,NA,43,3.09375,1.47939,NA,NA,NA
9,0.53125,0.0223018,12.0312,8.78125,47.1562,39.2986,40.4375,31.932,7,4.63436,14,227,sseo07,140603,0,NA,0,000,27.1663,-85.4857,NA,NA,138,0.84375,0.371834,NA,NA,NA
10,0.0625,-0.0230183,5.6875,4.59375,44.125,38.7768,37.0938,30.3669,7,4.68293,14,205,sseo07,140603,0,NA,0,000,29.7315,-87.446,NA,NA,131,0.6875,0.30747,NA,NA,NA
11,2.3125,0.206972,16.7812,17.4062,45.0312,39.1454,40.4062,33.9296,7,4.49246,14,199,sseo07,140603,0,NA,0,000,26.8283,-87.7127,NA,NA,169,0.84375,0.413317,NA,NA,NA
12,0.1875,-0.0538651,10.0625,7.46875,45.625,38.94,39.1562,34.2479,7,4.89474,14,76,sseo07,140603,0,NA,0,000,25.7227,-89.4359,NA,NA,68,0.6875,0.417763,NA,NA,NA
13,0.3125,0.0257353,6.59375,11.2812,48.0938,41.9095,34.6875,31.2036,9,7.41176,14,68,sseo07,140603,0,NA,0,000,24.3937,-90.8792,NA,NA,48,0.78125,0.451287,NA,NA,NA
14,0.34375,0.0179571,7.96875,8,48.875,41.0928,37.4375,32.9715,9,7.50746,14,134,sseo07,140603,0,NA,0,000,27.9851,-91.9409,NA,NA,113,1.0625,0.661847,NA,NA,NA
15,15.0938,0.933617,12.4062,6.75,50.5,41.0856,45.4688,22.9354,8,5.5534,14,515,sseo07,140603,0,NA,0,000,43.765,-100.623,NA,NA,253,9.40625,1.85813,NA,NA,NA
16,0.6875,0.125749,9.15625,8.09375,47.4688,38.8923,39.5938,31.0691,9,5.55738,15,793,sseo07,140603,0,NA,0,000,48.4201,-74.3846,NA,NA,520,0.75,0.410703,NA,NA,NA
17,3.625,0.696579,16.5,14.3125,50.25,40.3108,44.4688,30.5151,8,4.79695,15,1246,sseo07,140603,0,NA,0,000,43.7273,-76.9845,NA,NA,773,2.0625,0.797201,NA,NA,NA
18,2.21875,0.592335,13.3125,9.9375,47.4688,39.13,42.1875,29.2517,8,5.83268,15,508,sseo07,140603,0,NA,0,000,39.4387,-79.043,NA,NA,239,1.875,0.746986,NA,NA,NA
19,-0.0625,-0.0625,3.75,4.125,46.875,40.0584,32.7812,25.5226,11,9.17816,15,174,sseo07,140603,0,NA,0,000,24.323,-82.3686,NA,NA,24,1.375,0.535381,NA,NA,NA
20,2.1875,0.553622,15.1562,8.65625,49.3438,40.5907,44.2812,31.8523,7,4.91818,15,440,sseo07,140603,0,NA,0,000,37.4505,-81.7824,NA,NA,326,2.28125,1.17131,NA,NA,NA
21,3.65625,0.171914,31.25,20.9062,51.5938,40.5711,46.1875,33.7346,10,7.6759,15,1191,sseo07,140603,0,NA,0,000,26.5519,-84.2531,NA,NA,914,1.78125,0.528915,NA,NA,NA
22,0.875,0.0299881,10.25,11.1562,45.125,38.2735,37.8438,30.2638,10,7.62945,15,421,sseo07,140603,0,NA,0,000,28.4673,-85.738,NA,NA,225,0.625,0.251856,NA,NA,NA
23,0.1875,-0.0152954,7.9375,5.4375,47.1875,39.6597,39.4062,31.8946,7,4.39241,15,237,sseo07,140603,0,NA,0,000,29.701,-87.479,NA,NA,191,0.84375,0.308017,NA,NA,NA
24,0.15625,-0.0401182,12.375,9.03125,45.5,39.6195,40.0625,33.6106,6,4.55405,15,74,sseo07,140603,0,NA,0,000,25.8132,-89.424,NA,NA,57,0.8125,0.442145,NA,NA,NA
25,0.3125,-0.000694444,7.5625,7.96875,47.0938,40.0743,37.6562,31.1917,9,7.62963,15,135,sseo07,140603,0,NA,0,000,27.959,-92.0743,NA,NA,89,1.03125,0.567593,NA,NA,NA
26,10.9062,0.500925,14.9062,10.4688,51.625,42.0956,40.9062,21.091,9,5.62685,15,946,sseo07,140603,0,NA,0,000,43.8482,-100.111,NA,NA,522,5.5625,1.33979,NA,NA,NA
27,0.6875,0.14646,10.1875,7.75,48.6875,39.451,40.2188,31.1322,9,6.12975,16,632,sseo07,140603,0,NA,0,000,49.1594,-73.8639,NA,NA,354,0.78125,0.407437,NA,NA,NA
28,7.90625,0.629488,20.8125,11.375,49.3125,39.4765,47.3125,30.8002,9,5.54472,16,738,sseo07,140603,0,NA,0,000,43.266,-76.6441,NA,NA,419,2.75,0.733105,NA,NA,NA
29,1.5625,0.662899,14.4062,9.59375,47.1562,39.359,42.7812,33.5559,6,3.15426,16,188,sseo07,140603,0,NA,0,000,45.4364,-75.8281,NA,NA,141,1.28125,0.769781,NA,NA,NA
30,-0.0625,-0.0625,1.34375,4.125,46.25,38.832,31.6562,20.7688,6,4.68794,16,141,sseo07,140603,0,NA,0,000,45.9278,-76.5042,NA,NA,7,0.78125,0.562278,NA,NA,NA
31,2.28125,0.700572,9.28125,5.0625,46.0625,38.8623,41.25,30.0864,6,4.83007,16,153,sseo07,140603,0,NA,0,000,38.4048,-79.4101,NA,NA,91,1.625,0.760008,NA,NA,NA
32,1.3125,0.264218,13.0938,12.9062,46.9688,39.5043,42.625,30.5236,7,5.50852,16,411,sseo07,140603,0,NA,0,000,37.3475,-81.2057,NA,NA,285,1.875,1.01756,NA,NA,NA
33,4.625,0.138085,32.375,31.25,50.5312,39.7641,45.4375,32.7178,10,7.96522,16,1495,sseo07,140603,0,NA,0,000,26.396,-84.1861,NA,NA,1060,1.6875,0.472596,NA,NA,NA
34,0.0625,-0.0587729,4.71875,5.84375,48.9062,38.3255,35.5938,28.8286,9,7.46789,16,327,sseo07,140603,0,NA,0,000,24.3262,-84.0966,NA,NA,135,1.40625,0.611716,NA,NA,NA
35,4.125,1.07473,10.3438,0.15625,46.5938,40.3179,46.4062,39.1766,7,5.08696,16,23,sseo07,140603,0,NA,0,000,48.8001,-83.3536,NA,NA,23,3.15625,1.64538,NA,NA,NA
36,0.3125,0.0158528,13.3125,7.25,49.25,40.0159,40.9375,32.0511,7,4.75219,16,343,sseo07,140603,0,NA,0,000,29.6479,-87.5719,NA,NA,229,1.03125,0.357507,NA,NA,NA
37,0.1875,0.00551471,12,11.375,44.6562,38.4223,38.4375,31.5979,6,4.75,16,68,sseo07,140603,0,NA,0,000,25.8829,-89.4962,NA,NA,43,0.71875,0.326746,NA,NA,NA
38,0.3125,0.00332992,6.71875,7.5625,48.3125,39.4016,35.5938,29.7415,9,7.86066,16,122,sseo07,140603,0,NA,0,000,27.9441,-92.2537,NA,NA,64,1.0625,0.557889,NA,NA,NA
39,3.09375,0.0914284,11.4062,14.0938,50.9062,41.4526,40.6875,23.0705,10,5.29883,16,1198,sseo07,140603,0,NA,0,000,43.8718,-99.427,NA,NA,642,2.09375,1.00696,NA,NA,NA
40,0.5625,0.113117,11.875,7.78125,48.5938,39.1076,40.9688,31.1745,9,6.17314,17,618,sseo07,140603,0,NA,0,000,49.6154,-73.3411,NA,NA,362,1.03125,0.465514,NA,NA,NA
41,2.96875,0.254308,14.9375,2.15625,49.4688,39.2364,43.875,29.5352,7,5.77572,17,486,sseo07,140603,0,NA,0,000,43.4518,-75.7354,NA,NA,170,2.09375,0.564815,NA,NA,NA
42,7.5625,0.590315,16.4688,7.90625,49.2812,40.2586,45.5,30.6192,8,5.48582,17,282,sseo07,140603,0,NA,0,000,42.7531,-76.4609,NA,NA,156,2.125,0.572584,NA,NA,NA
43,-0.0625,-0.0625,1.125,1.6875,46.0312,38.477,30.7188,24.0993,6,5.27966,17,118,sseo07,140603,0,NA,0,000,46.4896,-75.9748,NA,NA,3,0.78125,0.568326,NA,NA,NA
44,1,0.139407,8.84375,5.25,47.7188,38.7051,38.6562,30.2638,8,6.6,17,295,sseo07,140603,0,NA,0,000,37.2763,-80.4561,NA,NA,192,1.5,0.560275,NA,NA,NA
45,7.71875,1.69712,6.53125,0,50.8125,41.3882,50.2812,39.8245,9,6.80769,17,26,sseo07,140603,0,NA,0,000,44.9141,-79.3314,NA,NA,26,7.875,3.38341,NA,NA,NA
46,0.1875,-0.0501253,6.75,4.71875,50.875,40.9427,37.0625,27.9724,10,8.11278,17,399,sseo07,140603,0,NA,0,000,24.3334,-83.6758,NA,NA,135,1.40625,0.620066,NA,NA,NA
47,5.78125,1.11919,9.28125,0,48.6875,40.3147,48.5,36.7464,9,8.02326,17,43,sseo07,140603,0,NA,0,000,47.7146,-80.4054,NA,NA,36,4.6875,1.99491,NA,NA,NA
48,3.46875,0.109641,25.5938,32.375,47.6875,38.7815,43.0625,32.1204,10,7.86385,17,1469,sseo07,140603,0,NA,0,000,26.6053,-84.3857,NA,NA,1011,1.5625,0.438968,NA,NA,NA
49,0.65625,0.192845,11.6562,2.8125,45.3438,38.0826,40.4062,32.1608,7,5.14474,17,76,sseo07,140603,0,NA,0,000,36.2259,-82.1693,NA,NA,52,1.40625,0.731086,NA,NA,NA
50,12.25,2.56609,15.5,2.0625,46.7812,41.2756,45.25,36.7495,8,5.83607,17,61,sseo07,140603,0,NA,0,000,49.1189,-83.1044,NA,NA,54,3.5625,1.67674,NA,NA,NA
51,0.4375,0.0410959,15.2188,13.3125,49.375,40.5957,40.0938,32.8996,7,4.70548,17,292,sseo07,140603,0,NA,0,000,29.5722,-87.6927,NA,NA,209,1.03125,0.385809,NA,NA,NA
52,0.1875,-0.052859,4.6875,6.71875,44.8125,38.7284,35.75,28.5701,10,7.79787,17,94,sseo07,140603,0,NA,0,000,27.9076,-92.4287,NA,NA,35,0.875,0.516955,NA,NA,NA
53,3.8125,0.00282694,7.9375,7.21875,50.0938,40.1982,39.5312,22.0794,9,4.47001,17,1017,sseo07,140603,0,NA,0,000,43.8924,-98.6977,NA,NA,338,2.84375,0.871067,NA,NA,NA
54,1.3125,0.218422,16.4688,11.875,49.25,40.8271,41.9688,33.0246,8,5.71429,18,476,sseo07,140603,0,NA,0,000,50.0623,-72.7238,NA,NA,376,1.25,0.574711,NA,NA,NA
55,5.1875,0.183936,13.0625,14.0312,49.8438,39.5555,42.9062,29.3143,8,5.72749,18,833,sseo07,140603,0,NA,0,000,43.5018,-75.4459,NA,NA,339,1.65625,0.525623,NA,NA,NA
56,1.34375,0.352273,10.8125,5.625,44.7812,37.7762,41.7188,35.9834,8,4.63636,18,154,sseo07,140603,0,NA,0,000,46.12,-74.8126,NA,NA,152,1.09375,0.587459,NA,NA,NA
57,0,-0.0609914,1.3125,3.4375,44.9375,37.9431,31.8125,24.2573,7,5.51724,18,145,sseo07,140603,0,NA,0,000,47.0312,-75.4058,NA,NA,20,0.75,0.574353,NA,NA,NA
58,1.5625,0.270665,7.71875,0.65625,45.0625,39.1673,38.2812,31.0968,7,5.53226,18,62,sseo07,140603,0,NA,0,000,37.8625,-78.7989,NA,NA,37,1.53125,0.511089,NA,NA,NA
59,26.625,2.05228,23.4375,0,50.4062,42.2785,50.1875,27.307,11,7.67296,18,159,sseo07,140603,0,NA,0,000,45.4648,-78.8005,NA,NA,93,11.9375,2.45696,12.8438,69,97.1081
60,2.71875,0.839489,6.90625,0,48.375,40.0938,48,38.8778,9,6.45455,18,22,sseo07,140603,0,NA,0,000,42.1784,-79.1612,NA,NA,21,4.9375,2.83665,NA,NA,NA
61,3.71875,1.03472,7.78125,0,49,41.9062,48.9062,40.191,8,6.66667,18,18,sseo07,140603,0,NA,0,000,41.7634,-79.9138,NA,NA,18,5.34375,3.07986,NA,NA,NA
62,10,2.1775,8.96875,0,49.4688,41.1937,49.2812,36.1025,12,10.48,18,25,sseo07,140603,0,NA,0,000,47.6722,-79.734,NA,NA,19,4.9375,2.45,NA,NA,NA
63,0.21875,-0.0450335,9.40625,6.84375,45.2188,38.7121,38.0312,26.7368,9,7.78036,18,560,sseo07,140603,0,NA,0,000,24.4488,-83.3803,NA,NA,85,1,0.401953,NA,NA,NA
64,18.7812,2.04955,13.125,0,47.3438,41.359,46.8438,25.7449,10,7.63063,18,111,sseo07,140603,0,NA,0,000,48.3021,-80.1456,NA,NA,59,7.6875,1.92821,NA,NA,NA
65,10.6875,1.59052,12.875,0,52.4688,42.7834,52.1875,39.3147,8,6.24138,18,29,sseo07,140603,0,NA,0,000,50.6706,-79.9728,NA,NA,25,9.59375,4.54957,NA,NA,NA
66,4.84375,1.60156,7.4375,0,48.9688,42.8438,48.4688,41.1589,8,6.91667,18,12,sseo07,140603,0,NA,0,000,49.8512,-81.1079,NA,NA,12,6.53125,3.98698,NA,NA,NA
67,1.28125,0.0821942,15.5625,19.6562,47.4062,38.8117,41.375,32.8333,10,8.17136,18,887,sseo07,140603,0,NA,0,000,26.9371,-84.9558,NA,NA,670,0.8125,0.362422,NA,NA,NA
68,4.375,1.32933,5.96875,0.03125,45.8125,39.3293,45.5312,38.1034,5,3.53846,18,13,sseo07,140603,0,NA,0,000,50.1053,-81.3569,NA,NA,13,4.34375,2.20192,NA,NA,NA
69,1.25,0.204527,17.8438,17.25,48.7188,38.9853,45.4375,37.7771,10,6.7608,18,301,sseo07,140603,0,NA,0,000,25.5869,-84.6967,NA,NA,293,1.34375,0.588351,NA,NA,NA
70,10.75,1.66886,13.5938,1.84375,50.5938,40.7602,46.7812,37.204,9,6.48739,18,119,sseo07,140603,0,NA,0,000,49.3835,-82.8028,NA,NA,115,3.21875,1.27679,NA,NA,NA
71,0.4375,0.0445884,11.3438,14.5312,47.4375,39.938,39.4062,32.1851,6,5.16667,18,246,sseo07,140603,0,NA,0,000,29.4843,-87.8112,NA,NA,180,0.875,0.362805,NA,NA,NA
72,0.53125,0.0612158,13.7812,7.5,45.4688,38.8724,41.4688,37.3373,11,9.10959,18,73,sseo07,140603,0,NA,0,000,24.3555,-90.2425,NA,NA,73,0.96875,0.598031,NA,NA,NA
73,2.28125,-0.0162841,4.03125,3.375,45.1875,37.6746,38,21.3761,7,4.0397,18,403,sseo07,140603,0,NA,0,000,43.8713,-98.3765,NA,NA,43,1.75,0.678582,NA,NA,NA
74,1,-0.000529661,2.40625,7.9375,47.6875,38.4543,35,16.0807,10,7.85311,18,177,sseo07,140603,0,NA,0,000,44.2124,-99.8157,NA,NA,34,3.15625,1.35611,NA,NA,NA
75,1.8125,0.249008,14.8125,16.4688,50.0625,38.9295,41.1562,30.477,8,5.41111,19,630,sseo07,140603,0,NA,0,000,49.8809,-72.8774,NA,NA,382,1.21875,0.534177,NA,NA,NA
76,1.375,0.129944,10.6562,10.7188,48.7812,39.6427,43.5312,28.9177,9,5.99078,19,651,sseo07,140603,0,NA,0,000,43.9873,-74.8889,NA,NA,260,2.5,0.585877,NA,NA,NA
77,0.40625,0.0641447,9.875,0.46875,45.2812,39.4474,42.5,32.5691,6,6,19,19,sseo07,140603,0,NA,0,000,42.3368,-74.6394,NA,NA,12,2.15625,0.962171,NA,NA,NA
78,2.1875,0.368682,14.5625,6.84375,46.7812,38.5804,43.2188,34.4184,7,4.54152,19,277,sseo07,140603,0,NA,0,000,46.4787,-74.5125,NA,NA,233,1.34375,0.646661,NA,NA,NA
79,-0.0625,-0.0625,1.53125,0.9375,45.9062,38.5277,32.6562,26.763,8,6.05217,19,115,sseo07,140603,0,NA,0,000,47.6529,-74.9033,NA,NA,23,0.75,0.549185,NA,NA,NA
80,1.1875,0.210417,10.75,1.5625,46.2812,39.838,39.5625,30.7958,9,7.93333,19,60,sseo07,140603,0,NA,0,000,37.1359,-79.1371,NA,NA,38,1.46875,0.613021,NA,NA,NA
81,3.1875,1.14062,10.1562,0,50.5625,42.3767,50.3438,39.8698,8,7.33333,19,18,sseo07,140603,0,NA,0,000,48.856,-77.0371,NA,NA,16,4.78125,2.43924,NA,NA,NA
82,4.0625,1.27009,9.21875,0,50.8125,42.6384,50.2812,40.6429,9,7.92857,19,14,sseo07,140603,0,NA,0,000,48.226,-77.1924,NA,NA,13,7.21875,4.0625,NA,NA,NA
83,2.3125,0.376157,13.4062,0,51.9062,43.265,50.9688,38.8345,10,9,19,27,sseo07,140603,0,NA,0,000,47.0872,-77.4809,NA,NA,25,8.78125,4.58333,NA,NA,NA
84,11.625,2.31334,20.0625,0,47.8125,42.2348,47.4688,34.4105,8,6.16216,19,37,sseo07,140603,0,NA,0,000,42.3233,-78.5289,NA,NA,28,6.03125,2.32855,NA,NA,NA
85,37.4375,2.14421,12.75,0.375,51.9375,42.341,51.3125,29.5099,11,8.62847,19,288,sseo07,140603,0,NA,0,000,45.8406,-78.2627,NA,NA,172,8.03125,1.89388,10.9688,90,104.417
86,0.46875,0.169643,7.71875,0.21875,46.25,40.2232,37.9375,33.6629,8,7,19,14,sseo07,140603,0,NA,0,000,36.5027,-79.7215,NA,NA,12,1.28125,0.712054,NA,NA,NA
87,20.5,2.61826,21.8438,4.625,49.3125,42.655,49.2188,25.3511,9,7.5098,19,51,sseo07,140603,0,NA,0,000,41.8977,-79.269,NA,NA,28,7.84375,2.38848,NA,NA,NA
88,3.28125,0.407939,37.75,12.2188,50.0312,40.8784,49.7812,40.0583,7,5.05405,19,37,sseo07,140603,0,NA,0,000,24.2265,-81.4392,NA,NA,36,2.90625,1.21199,NA,NA,NA
89,9.6875,2.1467,10.2188,0,47.6875,41.3229,47.5938,35.6215,11,9.05556,19,36,sseo07,140603,0,NA,0,000,47.4806,-78.6271,NA,NA,28,4.875,2.05556,NA,NA,NA
90,0.625,0.180707,9.96875,0.65625,46.25,39.5353,39.75,33.1875,7,6.78261,19,23,sseo07,140603,0,NA,0,000,36.3236,-80.5198,NA,NA,18,1.375,0.695652,NA,NA,NA
91,1.59375,0.458333,4.1875,0,47.2188,40.6224,46.75,38.8359,12,11,19,12,sseo07,140603,0,NA,0,000,47.8209,-78.9758,NA,NA,12,4.59375,2.91146,NA,NA,NA
92,25.125,2.5594,9.25,0.90625,54.5,42.4705,46.5,25.3603,12,8.33962,19,212,sseo07,140603,0,NA,0,000,48.6558,-79.7379,NA,NA,109,7.875,1.84346,NA,NA,NA
93,14.8438,1.91619,15.9688,0.96875,47.6875,42.9517,47.3438,22.5998,7,4.77273,19,88,sseo07,140603,0,NA,0,000,51.1377,-79.8314,NA,NA,42,7.125,2.89382,NA,NA,NA
94,12.375,2.14844,16.9375,0,53.8125,43.4969,53.2188,40.9859,8,6.15,19,20,sseo07,140603,0,NA,0,000,40.2472,-81.2561,NA,NA,18,9.96875,3.87969,NA,NA,NA
95,5.75,1.15689,11.8125,1.3125,50.6562,42.1288,50.4688,32.0108,10,6.93878,19,49,sseo07,140603,0,NA,0,000,50.2483,-80.3305,NA,NA,32,7.25,3.47895,NA,NA,NA
96,16.8125,3.10532,20.5938,0,53.9375,43.2986,53.2188,40.5116,9,6.77778,19,27,sseo07,140603,0,NA,0,000,40.0522,-81.833,NA,NA,24,12.375,4.90509,12.375,16,40.6597
97,21.2188,2.36305,14.4375,0.125,49.2812,40.4246,49.1875,28.3341,8,5.98529,19,68,sseo07,140603,0,NA,0,000,50.4464,-81.0724,NA,NA,39,6.15625,2.20129,NA,NA,NA
98,11.3125,2.50962,10.7188,3.09375,46.7188,40.7363,45.375,34.6644,8,6.76154,19,130,sseo07,140603,0,NA,0,000,49.6878,-82.4106,NA,NA,104,3.46875,1.54471,NA,NA,NA
99,4.65625,0.25734,40.0312,17.8438,49.4062,39.507,47.9688,37.0038,10,7.69492,19,413,sseo07,140603,0,NA,0,000,25.642,-84.6087,NA,NA,392,1.96875,0.612742,NA,NA,NA
100,0.09375,-0.0422794,1.75,0,44.4375,39.3309,32.0312,29.5643,6,5.94118,19,17,sseo07,140603,0,NA,0,000,51.0943,-82.3919,NA,NA,6,1.25,0.536765,NA,NA,NA
101,0.8125,0.0717154,13.25,15.5625,46,38.3348,40.0625,32.0153,11,8.64909,19,607,sseo07,140603,0,NA,0,000,27.1446,-85.4195,NA,NA,419,0.90625,0.340764,NA,NA,NA
102,0.4375,0.0186821,9.65625,9.5,47.2812,39.2376,37.2812,30.6534,7,5.3587,19,184,sseo07,140603,0,NA,0,000,29.4036,-88.064,NA,NA,106,0.8125,0.34392,NA,NA,NA
103,0.8125,0.101128,14.6875,13.7812,46.9375,39.0703,41.6875,36.311,11,9.72917,19,144,sseo07,140603,0,NA,0,000,24.4116,-90.3154,NA,NA,139,1.25,0.622179,NA,NA,NA
104,0.4375,-0.0221851,2.6875,4.15625,45.8125,38.5456,35.9375,18.7681,7,5.51654,19,393,sseo07,140603,0,NA,0,000,44.3881,-98.6608,NA,NA,62,2.28125,1.1444,NA,NA,NA
105,7.78125,0.341626,8.28125,2.8125,47.375,39.339,43.75,22.0005,10,8.61812,19,309,sseo07,140603,0,NA,0,000,45.3089,-101.85,NA,NA,97,6.09375,1.59233,NA,NA,NA
106,0.21875,-0.0216994,8,5.8125,45,37.3218,37.9688,29.1283,10,6.9191,20,445,sseo07,140603,0,NA,0,000,48.4046,-72.3124,NA,NA,219,0.75,0.437992,NA,NA,NA
107,1.125,0.200915,11.7812,14.8125,46.75,38.0721,39,31.608,8,5.69192,20,396,sseo07,140603,0,NA,0,000,50.1597,-72.4285,NA,NA,248,0.875,0.499211,NA,NA,NA
108,7.28125,0.664262,22.3438,7.125,48.5312,39.978,46.125,33.0082,10,5.41561,20,628,sseo07,140603,0,NA,0,000,46.5127,-73.7088,NA,NA,398,3.5,0.851662,NA,NA,NA
109,4.59375,0.312438,18.0312,7.46875,50.5938,40.5271,46.5,31.5744,9,5.93837,20,503,sseo07,140603,0,NA,0,000,44.0882,-74.1773,NA,NA,296,3.53125,0.860027,NA,NA,NA
110,0.03125,-0.0528846,4.46875,3.25,46.3125,40.6334,32.7188,26.4423,7,5.88462,20,26,sseo07,140603,0,NA,0,000,42.6067,-74.4254,NA,NA,8,0.8125,0.496394,NA,NA,NA
111,1.84375,0.741477,14.1875,1.28125,44.625,39.1193,44.1875,37.1761,6,4.81818,20,22,sseo07,140603,0,NA,0,000,50.8714,-76.0792,NA,NA,22,2.9375,1.83665,NA,NA,NA
112,18.2812,1.39598,13.4062,0,50.5938,41.8138,46.125,23.3049,9,7,20,70,sseo07,140603,0,NA,0,000,42.434,-77.9926,NA,NA,34,7.59375,1.34643,NA,NA,NA
113,0.90625,0.0914634,9.0625,1.03125,47.0312,38.2973,38.7812,31.9032,9,8,20,41,sseo07,140603,0,NA,0,000,36.712,-78.9135,NA,NA,27,1.4375,0.628049,NA,NA,NA
114,0.96875,0.215402,3.15625,0,45.7812,39.2511,44.0625,33.2277,10,8.42857,20,28,sseo07,140603,0,NA,0,000,49.3557,-76.7818,NA,NA,22,3.25,1.10156,NA,NA,NA
115,2.75,0.339177,6.1875,0,45.5,40.0991,43.75,29.9535,9,8.80488,20,41,sseo07,140603,0,NA,0,000,47.6273,-77.1454,NA,NA,27,6.03125,1.29878,NA,NA,NA
116,40.0312,5.60237,22.9062,16.4062,52.0312,42.2108,50.4375,34.1651,13,8.27586,20,174,sseo07,140603,0,NA,0,000,45.6789,-77.8098,NA,NA,134,7.8125,2.24371,NA,NA,NA
117,4.03125,0.418939,9.5,13.4062,48.8438,41.6807,48.5625,30.9648,13,9.33939,20,165,sseo07,140603,0,NA,0,000,46.9204,-77.8265,NA,NA,109,5.25,1.93258,NA,NA,NA
118,6.1875,0.644022,9.4375,0.375,49.375,41.7432,42.6562,30.8702,9,7.91304,20,46,sseo07,140603,0,NA,0,000,41.9136,-78.7144,NA,NA,29,3.8125,0.772418,NA,NA,NA
119,1.09375,0.153274,8.84375,0.09375,52.25,42.6518,51.5938,40.7798,11,10.2857,20,21,sseo07,140603,0,NA,0,000,44.8243,-78.2563,NA,NA,20,8.84375,4.36012,NA,NA,NA
120,11.625,1.68662,8.75,0,48.5625,41.318,48.375,29.8715,12,9.83099,20,142,sseo07,140603,0,NA,0,000,48.2265,-78.3685,NA,NA,94,5.9375,1.92804,NA,NA,NA
121,20.6875,8.83871,17.5,9.9375,51.1875,41.8458,50.6562,29.3528,8,6.64516,20,31,sseo07,140603,0,NA,0,000,41.7473,-79.2348,NA,NA,19,8.15625,5.06048,NA,NA,NA
122,4.71875,0.559766,35.5312,37.75,46.75,39.7047,44.5625,36.5109,7,5.6625,20,80,sseo07,140603,0,NA,0,000,24.1968,-81.4713,NA,NA,72,2.59375,0.880469,NA,NA,NA
123,28.125,6.11571,33.2812,3.40625,51.5938,43.4569,51.5625,38.3463,9,7.86486,20,37,sseo07,140603,0,NA,0,000,41.56,-79.9106,NA,NA,30,8.125,4.13767,NA,NA,NA
124,36.0938,4.337,9.6875,5.21875,53.4375,43.1619,47.2812,25.9295,13,10.5739,20,176,sseo07,140603,0,NA,0,000,49.2018,-79.2728,NA,NA,92,8.8125,1.97514,NA,NA,NA
125,21.6562,1.84593,24.0312,0,48.8438,41.7565,48.8125,33.6693,7,6.06977,20,43,sseo07,140603,0,NA,0,000,40.2264,-80.6879,NA,NA,31,7.5,2.01962,NA,NA,NA
126,33.2812,3.05339,16.2812,18.3125,48.7188,41.55,48.4062,23.9919,11,5.713,20,223,sseo07,140603,0,NA,0,000,50.8045,-80.3782,NA,NA,115,9.125,2.24229,NA,NA,NA
127,31.5312,3.44904,30.75,6.4375,48.5312,42.3601,48.125,28.313,8,7.30769,20,65,sseo07,140603,0,NA,0,000,40.0273,-81.2349,NA,NA,36,9.125,2.13702,12.0312,26,60.5751
128,3.71875,1.89663,5.15625,0,45.2188,40.0865,44.7812,39.0024,8,7.23077,20,13,sseo07,140603,0,NA,0,000,49.0318,-80.3445,NA,NA,13,3.53125,2.21875,NA,NA,NA
129,8.4375,1.91518,8.125,0,50.2188,42.375,49.6562,39.9643,9,7.28571,20,14,sseo07,140603,0,NA,0,000,39.726,-81.679,NA,NA,14,7.28125,3.66518,NA,NA,NA
130,2.09375,0.751488,8.375,9.5,45.3125,39.4182,44.9375,38.4048,6,4.33333,20,21,sseo07,140603,0,NA,0,000,50.0238,-80.8514,NA,NA,21,3.15625,1.88542,NA,NA,NA
131,3.8125,0.720395,22.4688,0,48.6562,41.7977,48.4062,38.7204,5,4,20,19,sseo07,140603,0,NA,0,000,38.0251,-82.3463,NA,NA,17,5.46875,2.94408,NA,NA,NA
132,4.46875,0.108066,32.0625,40.0312,49.4688,39.7684,43.4062,36.0556,10,7.71136,20,537,sseo07,140603,0,NA,0,000,25.6497,-84.5031,NA,NA,485,1.59375,0.534276,NA,NA,NA
133,10.6562,2.11702,13.5,2.3125,49.7188,40.6223,42.6562,33.8958,8,6.91971,20,137,sseo07,140603,0,NA,0,000,50.0351,-82.0849,NA,NA,114,3.21875,1.39348,NA,NA,NA
134,0.46875,0.234211,11.375,10.2188,47.2812,38.624,39.4688,34.3859,10,8.81053,20,95,sseo07,140603,0,NA,0,000,26.7584,-84.8021,NA,NA,79,0.625,0.397368,NA,NA,NA
135,0.9375,0.154642,16.6562,14.6875,47.75,41.0097,41.5938,35.7363,11,9.75,20,272,sseo07,140603,0,NA,0,000,24.4817,-90.3587,NA,NA,252,1.1875,0.670381,NA,NA,NA
136,13.3125,0.376661,15.7812,4.03125,51.7188,39.5456,45.0625,17.6496,10,6.07924,20,997,sseo07,140603,0,NA,0,000,44.8222,-99.4435,NA,NA,259,7.1875,1.27288,NA,NA,NA
137,7.75,0.716781,24.625,17.9375,53.4688,41.6956,43.5625,31.6979,10,6.72244,21,508,sseo07,140603,0,NA,0,000,46.4526,-73.0226,NA,NA,295,3.21875,0.86811,NA,NA,NA
138,3.84375,0.277746,23.6875,15.8125,51.25,41.2723,45.8438,32.1953,9,6.07323,21,437,sseo07,140603,0,NA,0,000,44.1217,-73.776,NA,NA,299,3.3125,0.884225,NA,NA,NA
139,7.34375,0.590158,19.5,9,49.1562,39.5385,45.125,34.5634,9,4.43678,21,348,sseo07,140603,0,NA,0,000,47.6964,-73.6022,NA,NA,273,1.9375,0.690014,NA,NA,NA
140,0.59375,-0.021875,2.34375,0,47,40.0328,33.6562,27.1578,11,10.9,21,20,sseo07,140603,0,NA,0,000,42.432,-77.4213,NA,NA,12,1.40625,0.803125,NA,NA,NA
141,0.25,0.0115132,4.21875,0.21875,47.125,40.3125,35.3438,28.8766,8,7.26316,21,19,sseo07,140603,0,NA,0,000,36.7322,-78.3939,NA,NA,8,1.0625,0.422697,NA,NA,NA
142,35.25,3.71488,21.6875,18.0625,53.125,41.0878,52.8438,31.3641,11,7.35238,21,210,sseo07,140603,0,NA,0,000,45.7108,-77.493,NA,NA,126,7.8125,1.92946,NA,NA,NA
143,4.5,0.441176,8.84375,0.53125,46.4375,40.1195,44.6875,27.2188,9,7.44118,21,34,sseo07,140603,0,NA,0,000,49.9616,-76.6057,NA,NA,20,5.4375,1.77114,NA,NA,NA
144,27.5312,2.37299,20.5312,18.7812,51.5312,42.5418,51.0938,27.1915,13,10.1865,21,606,sseo07,140603,0,NA,0,000,48.4984,-77.9059,NA,NA,343,8.5625,2.6974,NA,NA,NA
145,8.21875,2.43371,14.9375,4.375,46.25,40.1828,45.2188,27.3741,7,5.92424,21,66,sseo07,140603,0,NA,0,000,41.7605,-78.4993,NA,NA,41,4.5,2.28551,NA,NA,NA
146,59.5625,6.6024,35.125,17.7812,51.2812,42.1945,51.125,23.1177,9,5.10714,21,112,sseo07,140603,0,59.5625,0,000,41.5991,-79.3427,54.7748,19,61,10.7188,2.80831,10.7188,32,69.4093
147,1.96875,0.252332,18.1875,35.5312,46.2188,39.3186,40.3438,33.1129,7,5.86567,21,67,sseo07,140603,0,NA,0,000,24.2046,-81.5934,NA,NA,52,1.15625,0.585821,NA,NA,NA
148,1.21875,0.226562,8.25,0,46.8438,40.7031,42.0938,31.1767,8,6.51923,21,52,sseo07,140603,0,NA,0,000,40.1474,-80.199,NA,NA,33,2.375,0.941707,NA,NA,NA
149,1.625,0.278533,7.78125,0,50.9688,42.4158,49.8125,36.1399,12,10.2609,21,23,sseo07,140603,0,NA,0,000,50.6829,-78.9116,NA,NA,19,5.875,3.77038,NA,NA,NA
150,23.4062,2.27539,24.8438,0.5625,51.0312,41.5859,49.625,35.4459,9,7.07143,21,112,sseo07,140603,0,NA,0,000,39.74,-81.0268,NA,NA,89,8.59375,2.20731,10.375,19,59.0514
151,28.6562,5.52307,25.1875,10.2188,52.4375,43.348,46.9062,30.3145,8,5.36649,21,191,sseo07,140603,0,NA,0,000,51.1353,-80.0451,NA,NA,127,8.15625,2.73037,NA,NA,NA
152,3.21875,0.836349,9.0625,0,45.7812,39.4877,43.8125,36.4095,9,7.60526,21,38,sseo07,140603,0,NA,0,000,49.5272,-80.1562,NA,NA,35,4.34375,1.6102,NA,NA,NA
153,7.875,2.24696,17.4688,16.5625,49.9688,40.7688,49.0312,35.7583,8,5.9646,21,113,sseo07,140603,0,NA,0,000,50.4073,-80.7027,NA,NA,97,5.0625,2.33213,NA,NA,NA
154,1.59375,0.137731,12.4062,0,49.2188,41.206,42.4688,34.9387,5,4.07407,21,27,sseo07,140603,0,NA,0,000,37.8874,-81.9621,NA,NA,22,3.25,0.931713,NA,NA,NA
155,1.25,0.0621847,18.375,32.0625,47.2812,39.1164,40.7812,34.1858,10,7.4855,21,793,sseo07,140603,0,NA,0,000,25.93,-84.5382,NA,NA,668,0.96875,0.435136,NA,NA,NA
156,0.46875,-0.0201389,6.59375,0.53125,45.4375,38.9889,33.4375,28.2333,7,5.82222,21,45,sseo07,140603,0,NA,0,000,50.3761,-82.1348,NA,NA,19,1.1875,0.596528,NA,NA,NA
157,3.28125,0.666667,13.4688,0,49.0312,41.9444,47.9688,40.2639,5,4.11111,21,9,sseo07,140603,0,NA,0,000,37.3243,-83.7682,NA,NA,9,5.40625,3.63542,NA,NA,NA
158,1.75,0.396484,3.78125,0,45.6875,40.9668,45.0312,39.4336,4,3.4375,21,16,sseo07,140603,0,NA,0,000,38.6704,-88.2714,NA,NA,16,4.03125,2.39453,NA,NA,NA
159,1.5,0.116525,17.25,16.6562,48.7812,41.8123,41.625,33.9547,12,9.75303,21,413,sseo07,140603,0,NA,0,000,24.5376,-90.4901,NA,NA,337,1.28125,0.620536,NA,NA,NA
160,17,0.719786,21.3125,15.7812,54.4375,40.3305,46.2812,20.0138,9,5.56592,21,1297,sseo07,140603,0,NA,0,000,44.8894,-99.2522,NA,NA,469,7.9375,1.44514,NA,NA,NA
161,4.59375,0.232366,20.4062,9.125,49.8125,38.5847,45.125,32.8953,10,5.2439,22,902,sseo07,140603,0,NA,0,000,49.0607,-72.1578,NA,NA,620,1.75,0.576116,NA,NA,NA
162,5.9375,0.326265,28.6875,24.625,52.2812,41.0258,47.7812,33.4863,10,6.2416,22,1428,sseo07,140603,0,NA,0,000,45.56,-73.0047,NA,NA,1018,3.6875,1.05941,NA,NA,NA
163,2.65625,0.745283,13.5625,0,49.6875,41.3744,49.2812,33.5348,9,7.09434,22,53,sseo07,140603,0,NA,0,000,42.8042,-76.5398,NA,NA,40,8.3125,3.16097,NA,NA,NA
164,2.46875,1.29545,4.71875,0,46.6562,40.7159,46.1562,39.2727,9,8.36364,22,11,sseo07,140603,0,NA,0,000,47.1304,-76.3586,NA,NA,11,3.59375,2.35511,NA,NA,NA
165,31.3438,5.77252,37.6875,6.96875,51.4688,42.795,51.3438,31.0267,8,6.09559,22,136,sseo07,140603,0,NA,0,000,46.0501,-76.9949,NA,NA,85,6.5625,2.29182,NA,NA,NA
166,9.125,1.97991,17.125,2.46875,50.2812,42.6033,45.2812,25.8827,9,7.42857,22,98,sseo07,140603,0,NA,0,000,41.7711,-77.8455,NA,NA,58,5.09375,2.45057,NA,NA,NA
167,0.8125,0.09375,6.4375,0,48.2188,41.8438,47.0312,39.5451,8,7,22,9,sseo07,140603,0,NA,0,000,50.6853,-75.9443,NA,NA,9,5.90625,3.52083,NA,NA,NA
168,10.3438,1.83595,15.5312,5.375,51.1562,42.8804,48.6562,26.3648,13,9.71385,22,657,sseo07,140603,0,NA,0,000,49.0202,-77.4412,NA,NA,371,7.21875,2.51208,NA,NA,NA
169,5.03125,1.27292,12.9688,0,49.9688,42.6417,49.4375,40.0563,10,9.93333,22,15,sseo07,140603,0,NA,0,000,45.0959,-77.2944,NA,NA,15,9.25,4.47917,NA,NA,NA
170,46.5938,3.52938,26.9375,20.375,52.6875,42.0774,48.3125,27.7687,8,5.32836,22,134,sseo07,140603,0,70.1875,0,000,41.5229,-78.888,61.2922,19,82,9.1875,1.58326,10.6562,30,63.3017
171,35.75,7.73698,10.4062,30.0625,49.1562,40.9141,48.6875,39.5156,9,6.75,22,12,sseo07,140603,0,70.1875,0,000,41.4436,-79.705,61.2922,19,12,5.875,3.52344,10.6562,30,63.3017
172,3.21875,0.533654,8.9375,0.90625,48.625,41.2163,48.2812,39.7837,9,8.46154,22,13,sseo07,140603,0,NA,0,000,41.0723,-79.795,NA,NA,13,6.78125,3.55769,NA,NA,NA
173,6.375,1.35473,11.9688,0,46.375,40.2517,43.9375,15.0693,14,8.67568,22,37,sseo07,140603,0,NA,0,000,51.1294,-78.7703,NA,NA,14,5.5,2.85642,NA,NA,NA
174,10.7188,1.55382,18.5938,0,50.0312,43.2066,49.5938,39.6319,9,8.27778,22,18,sseo07,140603,0,NA,0,000,40.8644,-80.0569,NA,NA,16,9.8125,3.80208,NA,NA,NA
175,18.25,1.42235,24.0312,0.15625,49,42.0275,48.1562,33.5076,7,6.17424,22,132,sseo07,140603,0,NA,0,000,39.5532,-80.566,NA,NA,100,7.25,1.49479,10.7812,42,116.944
176,6.1875,1.23811,14.3438,25.1875,48.9688,40.0793,48.4062,33.3799,8,5.55978,22,184,sseo07,140603,0,NA,0,000,50.8285,-80.3776,NA,NA,147,5.15625,1.44514,NA,NA,NA
177,7.625,2.6942,9.71875,8.875,45.7812,39.1659,45.4375,37.3378,8,6.14286,22,42,sseo07,140603,0,NA,0,000,49.242,-80.1712,NA,NA,41,2.8125,1.44792,NA,NA,NA
178,8.78125,2.17472,19.1875,0.53125,46.625,39.0838,46.4062,35.6726,8,6.43182,22,44,sseo07,140603,0,NA,0,000,49.989,-80.0357,NA,NA,40,5.65625,2.68608,NA,NA,NA
179,19.5938,6.27865,26.5938,11.4375,52.0938,42.6398,51.9062,37.158,8,6.25,22,36,sseo07,140603,0,NA,0,000,39.4958,-81.4964,NA,NA,29,10.7812,5.32031,10.7812,42,116.944
180,5.09375,0.861607,13.5312,0,48.9688,42.5625,48.6562,40.3147,8,7.07143,22,14,sseo07,140603,0,NA,0,000,39.2875,-82.1606,NA,NA,14,7,3.20312,NA,NA,NA
181,0.65625,0.0171703,13.3438,13.375,46.5,37.993,39.6875,31.4591,10,7.18132,22,728,sseo07,140603,0,NA,0,000,26.0831,-84.4404,NA,NA,463,0.96875,0.353623,NA,NA,NA
182,7.125,0.84375,12.8438,0,48.1562,41.5385,47.0938,38.0649,8,7,22,13,sseo07,140603,0,NA,0,000,39.0601,-82.4657,NA,NA,11,6.96875,3.07692,NA,NA,NA
183,6.34375,1.05469,10.75,0,50.6875,41.7604,49.8438,40.0703,6,4.70833,22,24,sseo07,140603,0,NA,0,000,38.8982,-84.7365,NA,NA,23,7.375,3.3125,NA,NA,NA
184,25.375,5.16238,34,0,54.8125,42.5864,54.4062,32.8842,8,5.01961,22,51,sseo07,140603,0,NA,0,000,38.6916,-86.8021,NA,NA,37,13.1875,4.39216,13.1875,22,59.7585
185,33.2188,4.09958,51.375,0,51.0312,41.9778,50.875,19.3167,7,4.25424,22,59,sseo07,140603,0,NA,0,000,38.511,-87.8274,NA,NA,29,13.4688,3.14036,13.4688,21,47.386
186,1.0625,0.0439034,14.9062,17.25,50.2812,39.8875,40.6875,30.9374,12,9.66667,22,489,sseo07,140603,0,NA,0,000,24.5616,-90.5637,NA,NA,265,1.25,0.496805,NA,NA,NA
187,10.5625,0.607582,13.4375,8.28125,53.1875,40.4006,44.75,21.0086,12,5.72,22,1900,sseo07,140603,0,NA,0,000,44.9147,-99.353,NA,NA,869,6.59375,1.43105,NA,NA,NA
188,29.875,2.6972,9.75,0.46875,49.4375,38.8858,49.0312,35.6016,9,8.00862,22,116,sseo07,140603,0,NA,0,000,41.3836,-96.1537,NA,NA,104,7.625,1.67834,NA,NA,NA
189,106.906,11.5595,27.3125,8.46875,52.25,40.6656,51.5,35.6376,15,10.6378,22,127,sseo07,140603,0,106.906,0,003,42.208,-99.6224,50.068,25,110,21.3125,4.39075,21.3125,36,59.5719
190,34.375,4.18993,8.84375,0.15625,48.3438,41.5114,43.75,18.0576,13,8.04207,22,309,sseo07,140603,0,NA,0,000,44.129,-104.592,NA,NA,127,13.1562,2.98766,13.1562,68,83.5468
191,21.4375,4.01957,4.9375,0,45.3438,40.2831,43.5625,19.1566,10,7.05051,22,99,sseo07,140603,0,NA,0,000,42.9424,-104.222,NA,NA,41,11.25,2.91572,11.25,18,44.3202
192,1.8125,0.183673,14.7812,0.59375,44.6562,39.5689,43.6875,32.2851,9,7.59184,22,49,sseo07,140603,0,NA,0,000,46.4221,-105.379,NA,NA,33,5.21875,2.26339,NA,NA,NA
193,4.84375,1.06402,4.5625,0.6875,48.7812,40.2923,35.5938,27.5373,8,6.29268,22,82,sseo07,140603,0,NA,0,000,45.4606,-105.157,NA,NA,37,3.40625,1.66197,NA,NA,NA
194,0.4375,0.00322165,12.0312,4.25,49.1875,39.2022,42.3438,28.8834,9,6.84536,23,194,sseo07,140603,0,NA,0,000,50.0269,-70.5744,NA,NA,82,1.40625,0.614046,NA,NA,NA
195,8.65625,1.02699,42.0625,20.25,51.9688,42.8813,48.125,34.8904,9,5.10979,23,756,sseo07,140603,0,NA,0,000,44.6572,-72.9068,NA,NA,553,6.1875,1.64753,NA,NA,NA
196,9.59375,0.909444,26.7812,10.9375,50.0312,40.7237,46.4375,30.3522,9,6.53616,23,636,sseo07,140603,0,NA,0,000,47.6457,-72.3401,NA,NA,308,4.21875,1.05307,NA,NA,NA
197,3.34375,0.565526,19,12.1562,48,40.4422,43.5312,33.9681,8,4.02641,23,568,sseo07,140603,0,NA,0,000,49.1344,-72.6568,NA,NA,467,1.53125,0.739327,NA,NA,NA
198,3.53125,0.538078,10.9375,0,45.125,39.7513,44.3125,26.1095,8,5.80672,23,119,sseo07,140603,0,NA,0,000,42.9692,-76.0538,NA,NA,75,4.34375,1.6678,NA,NA,NA
199,3.9375,0.984848,7.8125,0,46.4062,40.5947,43.4688,29.0805,8,8,23,33,sseo07,140603,0,NA,0,000,47.6412,-75.8788,NA,NA,20,3.4375,1.28977,NA,NA,NA
200,2.78125,0.442187,9.625,2.1875,49.9375,41.1688,42.875,28.5906,12,9.9,23,100,sseo07,140603,0,NA,0,000,41.7607,-77.2574,NA,NA,72,4.40625,1.48969,NA,NA,NA
201,46.9375,3.30177,21.5938,1.75,53.5625,42.4863,50.0312,30.517,9,7.18261,23,230,sseo07,140603,0,NA,0,000,46.3114,-76.466,NA,NA,169,6.34375,1.51291,NA,NA,NA
202,9.96875,0.874939,17.7188,5.90625,51.75,42.726,47.1875,28.9816,15,10.616,23,513,sseo07,140603,0,NA,0,000,49.5676,-77.0606,NA,NA,350,5.625,2.00037,NA,NA,NA
203,9.90625,2.27431,11.8438,5.03125,47.8125,41.0185,47.2812,33.8981,9,8.7037,23,27,sseo07,140603,0,NA,0,000,44.797,-77.5266,NA,NA,19,5.8125,2.19329,NA,NA,NA
204,23.0625,2.70822,22.1875,15.125,48.9375,42.2714,48.7812,30.9851,8,6.31522,23,92,sseo07,140603,0,NA,0,000,41.4243,-78.3787,NA,NA,66,5.75,1.56963,NA,NA,NA
205,19.0312,1.61837,19.1875,15.75,48.4688,39.9811,48.4688,33.3939,7,6.15152,23,66,sseo07,140603,0,NA,0,000,41.1109,-79.2192,NA,NA,47,7.78125,1.87879,NA,NA,NA
206,4.65625,0.707386,9.96875,9.59375,47.8438,41.3528,47.6875,33.8011,8,5.18182,23,55,sseo07,140603,0,NA,0,000,50.9622,-78.5174,NA,NA,39,4.90625,2.6875,NA,NA,NA
207,37.5625,3.78423,29.8125,25.2188,49.25,42.2553,48.6562,20.9766,8,4.72362,23,199,sseo07,140603,0,NA,0,000,39.3201,-80.6808,NA,NA,103,11.9375,2.57993,12.4688,29,63.1396
208,8.84375,2.10986,13.7188,6.125,49.25,41.7825,44.7188,34.8579,7,5.59794,23,97,sseo07,140603,0,NA,0,000,49.5773,-80.0288,NA,NA,79,2.84375,1.1163,NA,NA,NA
209,3.21875,0.877232,9.125,7.625,44.8438,38.5833,35.5625,28.2835,9,6.88095,23,42,sseo07,140603,0,NA,0,000,50.3593,-79.962,NA,NA,24,2.15625,0.841518,NA,NA,NA
210,0.28125,-0.0381944,5.125,8.84375,44.375,39.5473,31.7188,27.5503,6,4.5,23,72,sseo07,140603,0,NA,0,000,24.2242,-83.149,NA,NA,18,0.65625,0.363715,NA,NA,NA
211,6.96875,1.19375,10.8438,0,45.5938,40.1396,45.125,36.6688,7,7,23,15,sseo07,140603,0,NA,0,000,38.9552,-81.9505,NA,NA,13,4.4375,1.75625,NA,NA,NA
212,15.9062,2.12664,15.5625,0,53.6875,43.2434,52.0312,40.9128,8,6.84211,23,19,sseo07,140603,0,NA,0,000,38.849,-82.4868,NA,NA,19,13.2188,5.27138,13.2188,9,26.4395
213,6.46875,1.375,8.84375,0,49.75,42.3307,48,40.7708,7,7,23,12,sseo07,140603,0,NA,0,000,38.8168,-82.9762,NA,NA,12,7.34375,3.88021,NA,NA,NA
214,20.6875,1.82547,27.6875,0,51.2188,41.5469,50.4375,26.3291,7,5.8617,23,94,sseo07,140603,0,NA,0,000,38.6856,-84.1715,NA,NA,62,10.375,2.92221,10.375,43,104.603
215,0.5625,0.0485437,12.4688,11.9375,46.375,38.4639,40.4375,32.4224,9,6.73463,23,309,sseo07,140603,0,NA,0,000,26.8485,-84.7742,NA,NA,220,0.78125,0.365797,NA,NA,NA
216,56.6875,4.17637,29.6875,1.78125,51.3125,40.8795,50.8125,22.5057,9,4.96875,23,160,sseo07,140603,0,56.6875,0,000,38.5066,-86.2565,21.9946,10,83,17.9062,2.77227,17.9062,44,54.5544
217,3.03125,1.18382,25.25,4.8125,48.5625,41.8787,48.3438,38.8897,4,2.64706,23,17,sseo07,140603,0,NA,0,000,34.973,-86.5771,NA,NA,15,4.71875,2.4375,NA,NA,NA
218,14.5938,0.511719,11.75,0,48.75,40.0352,40.9688,0.309375,6,5.025,23,80,sseo07,140603,0,NA,0,000,38.3104,-87.4363,NA,NA,15,5.84375,0.586328,13.8125,16,29.9043
219,1.65625,0.46875,19.0312,0.09375,46.5312,40.5451,46.25,39.1181,3,2.55556,23,9,sseo07,140603,0,NA,0,000,34.581,-87.5378,NA,NA,9,3.34375,2.32292,NA,NA,NA
220,170.594,11.3949,23.4375,0.375,54.4062,42.7522,52.7812,9.94924,19,11.1046,23,306,sseo07,140603,0,170.594,0,003,41.3107,-95.1279,73.972,49,110,25.375,3.78881,25.375,94,104.738
221,13.7188,1.00564,15.2188,13.6562,52.25,41.0485,46.6562,21.9535,14,6.04806,23,2372,sseo07,140603,0,NA,0,000,44.8562,-99.0764,NA,NA,1238,12.1875,1.71298,12.1875,42,84.9733
222,161.094,9.89234,29.2188,9.59375,52.7812,41.7242,52.2812,19.0925,23,12.5925,23,665,sseo07,140603,0,161.094,0,003,42.3925,-98.7428,99.735,95,152,24.6562,3.65818,24.6562,138,118.928
223,47.3438,3.56301,12.625,6.375,52.5938,41.9098,45.625,24.6564,15,8.07681,23,677,sseo07,140603,0,NA,0,000,44.6603,-104.264,NA,NA,293,14.4062,2.6076,14.4062,30,58.6799
224,146.281,10.5997,24.1875,3.65625,51.1875,41.673,50.2188,18.0582,18,9.83333,23,384,sseo07,140603,0,146.281,0,003,42.8485,-103.806,76.307,46,135,22.1562,3.57902,22.1562,75,93.6046
225,2.84375,0.317628,16.9062,14.7812,48.9375,40.5402,39.9062,30.9067,8,5.64615,23,195,sseo07,140603,0,NA,0,000,46.558,-105.239,NA,NA,113,5.8125,1.70208,NA,NA,NA
226,9.03125,0.793084,32.625,36.25,52.875,42.0449,46.25,33.5513,11,5.13734,24,2279,sseo07,140603,0,NA,0,000,47.3171,-72.3673,NA,NA,1700,4.625,1.06513,NA,NA,NA
227,4.65625,1.26907,8.65625,0,45.5625,39.75,43.75,28.4592,6,4.77966,24,59,sseo07,140603,0,NA,0,000,42.5714,-75.653,NA,NA,39,3.3125,1.6875,NA,NA,NA
228,3.84375,0.661685,17.0938,0,50.9062,42.303,50.7812,40.769,7,5.6087,24,23,sseo07,140603,0,NA,0,000,43.6526,-75.6341,NA,NA,23,6.78125,3.20109,NA,NA,NA
229,8.71875,1.49141,12.4688,0.9375,49.625,39.3391,49.3438,28.0719,9,7.125,24,40,sseo07,140603,0,NA,0,000,41.9207,-76.3916,NA,NA,26,8.59375,2.83594,NA,NA,NA
230,1.375,0.157227,5.4375,0,45.9375,39.6201,39.125,34.4668,7,6.96875,24,32,sseo07,140603,0,NA,0,000,48.034,-75.4451,NA,NA,30,1.5625,0.508789,NA,NA,NA
231,23.9375,3.75552,25.7188,1.90625,50.625,42.8643,50.1562,33.688,10,7.53591,24,181,sseo07,140603,0,NA,0,000,46.5806,-75.849,NA,NA,118,6.6875,1.84047,NA,NA,NA
232,4.5,1.2487,14.25,1.15625,50.375,41.474,49.9688,36.8854,9,8.25,24,24,sseo07,140603,0,NA,0,000,45.4625,-76.3294,NA,NA,21,5.875,2.51042,NA,NA,NA
233,8.59375,1.00705,12.6562,9.6875,52.5938,41.8971,47.9688,28.0928,15,10.5829,24,350,sseo07,140603,0,NA,0,000,50.3793,-76.8327,NA,NA,212,6.0625,1.68232,NA,NA,NA
234,27.6875,2.26698,17.8125,2.5,48.7188,41.7191,44.6562,29.0754,8,5.46739,24,92,sseo07,140603,0,NA,0,000,41.2801,-77.9393,NA,NA,50,5.0625,1.47758,NA,NA,NA
235,31.0625,6.69857,16.9375,19.8438,47.7188,40.7376,47.5,37.1445,7,5.85417,24,48,sseo07,140603,0,NA,0,000,41.1327,-78.7037,NA,NA,43,6.40625,2.54102,NA,NA,NA
236,36.3125,3.24166,23.75,5.75,54.875,43.1417,50.4062,22.055,9,4.78534,24,191,sseo07,140603,0,NA,0,000,39.1021,-80.2883,NA,NA,106,11.1562,2.16361,10.6875,27,57.1735
237,8.96875,1.51416,17.4688,12.8125,49,40.3102,42.9688,33.5173,7,5.80729,24,192,sseo07,140603,0,NA,0,000,49.8866,-79.7294,NA,NA,147,3.03125,0.928223,NA,NA,NA
238,10.1875,1.45043,25.5625,0.0625,46.0938,39.0593,45.5,30.2672,5,3.96552,24,29,sseo07,140603,0,NA,0,000,39.7103,-80.9408,NA,NA,20,6.75,1.65194,NA,NA,NA
239,17.6562,2.08654,26.1875,0,51.3438,41.5657,50.7812,21.429,8,5.94872,24,117,sseo07,140603,0,NA,0,000,38.6209,-82.0692,NA,NA,65,12.9062,2.81544,11.5625,18,72.0445
240,0.5,0.0596591,10.8125,0.15625,44.5,39.7585,41.125,33.3551,4,3.09091,24,11,sseo07,140603,0,NA,0,000,33.7601,-83.0151,NA,NA,7,2.03125,0.920455,NA,NA,NA
241,0.4375,0.00789911,13.9688,12.4688,46.875,37.8363,40.0625,26.0885,9,5.44568,24,451,sseo07,140603,0,NA,0,000,27.0987,-84.5786,NA,NA,193,0.71875,0.323864,NA,NA,NA
242,51.2188,2.43299,41.7188,1.8125,55.875,42.1614,53.3125,20.5715,9,6.00619,24,485,sseo07,140603,0,61.7812,0,000,38.3885,-84.9794,36.0496,23,258,15.9688,2.45863,15.7812,48,65.6274
243,4.9375,0.484896,38,14.6875,47.2812,39.6135,47.125,36.1125,4,2.5,24,60,sseo07,140603,0,NA,0,000,34.8218,-86.4111,NA,NA,54,5.3125,1.59792,NA,NA,NA
244,0.25,-0.0488048,7.1875,10.5938,47.8438,39.0561,38.1562,29.0152,13,11.3227,24,251,sseo07,140603,0,NA,0,000,24.4526,-91.1578,NA,NA,84,1.34375,0.554158,NA,NA,NA
245,223.844,9.31021,38.7812,0.96875,56,42.9994,55.8438,7.63146,21,10.4896,24,817,sseo07,140603,0,223.844,0,003,41.1553,-94.2643,118.168,84,210,27.9688,2.89336,27.9688,145,140.901
246,23.0625,1.11692,18.8438,15.2188,52.6562,41.315,48.9062,21.3173,16,6.04976,24,2954,sseo07,140603,0,NA,0,000,44.6237,-98.1844,NA,NA,1678,9.71875,1.72448,NA,NA,NA
247,0.3125,-0.0150862,1.09375,0.625,44.9688,38.7899,37.4375,30.6562,7,5.94828,24,58,sseo07,140603,0,NA,0,000,42.4561,-96.1451,NA,NA,32,1.96875,0.863685,NA,NA,NA
248,176.906,9.81695,26.5,8.71875,55.5938,43.1253,51.7812,18.928,24,12.6933,24,1200,sseo07,140603,0,176.906,0,003,42.3435,-97.9069,121.818,154,499,21.6562,3.27721,22.25,232,144.772
249,0.53125,0.0864702,3.21875,7.0625,46.9688,39.1316,35,4.62198,9,5.45455,24,176,sseo07,140603,0,NA,0,000,45.5899,-100.657,NA,NA,26,2.84375,1.01687,NA,NA,NA
250,133.781,13.644,23.875,9.65625,52.6562,42.9031,51.8438,9.42976,24,10.9377,24,755,sseo07,140603,0,133.781,0,003,42.841,-103.084,137.011,129,215,21.9375,3.91358,21.9375,178,145.537
251,43.4688,1.68457,18.1875,7.3125,53.5,42.6192,43.6875,30.6938,13,7.72533,24,608,sseo07,140603,0,NA,0,000,44.6988,-103.486,NA,NA,436,9.4375,1.73078,10.9688,43,66.5402
252,5.3125,0.525409,17.0938,4.5625,46.5312,39.3259,43.25,33.5797,7,5.83178,24,107,sseo07,140603,0,NA,0,000,46.0433,-103.976,NA,NA,84,4.125,1.3972,NA,NA,NA
253,2.90625,0.161058,11.6562,16.9062,50.625,42.6197,41.7188,30.2332,9,5.11538,24,260,sseo07,140603,0,NA,0,000,46.5594,-105.174,NA,NA,156,3.34375,1.20421,NA,NA,NA
254,5.78125,0.29108,20.625,32.625,51.0625,42.2456,45.0938,33.9686,11,5.55166,25,1084,sseo07,140603,0,NA,0,000,45.3875,-72.4704,NA,NA,869,2.6875,0.894632,NA,NA,NA
255,6.9375,0.572889,23.3438,12.75,49.6562,41.0295,45.8125,32.5754,10,5.02698,25,1149,sseo07,140603,0,NA,0,000,49.5714,-71.7944,NA,NA,845,2.09375,0.752149,NA,NA,NA
256,0.65625,0.175625,12.8438,0,45.8125,40.2931,45.3438,19.9606,6,4.66,25,50,sseo07,140603,0,NA,0,000,43.9586,-75.1521,NA,NA,26,3.375,0.999375,NA,NA,NA
257,11.3438,1.67569,20.8438,4.40625,51.625,40.1736,51.125,17.5493,6,4.06667,25,45,sseo07,140603,0,NA,0,000,42.0831,-75.8396,NA,NA,21,8.0625,1.96667,NA,NA,NA
258,27.4688,3.92661,22.7188,0.25,51.2812,43.1359,49.25,32.9875,9,6.45161,25,155,sseo07,140603,0,NA,0,000,46.8557,-75.2833,NA,NA,103,4.53125,1.35121,NA,NA,NA
259,7.25,2.3598,15.3125,2.71875,48.4688,40.0625,48.2812,34.7644,8,7.81081,25,37,sseo07,140603,0,NA,0,000,45.9156,-75.5731,NA,NA,31,4.90625,2.22804,NA,NA,NA
260,6.03125,0.505,6.34375,3.125,47.8125,40.7519,38.2812,29.6388,6,5.5,25,50,sseo07,140603,0,NA,0,000,41.1881,-77.5559,NA,NA,28,2.25,0.8425,NA,NA,NA
261,2.84375,0.346266,11.0625,4.75,51.25,42.1663,43.5312,30.2047,16,9.64407,25,236,sseo07,140603,0,NA,0,000,50.6776,-76.2935,NA,NA,137,3.34375,1.11057,NA,NA,NA
262,17.5312,3.27294,17.25,18.1875,48.3125,40.3718,47.7188,34.3801,7,4.93671,25,79,sseo07,140603,0,NA,0,000,41.0347,-78.2911,NA,NA,65,7.59375,1.95174,NA,NA,NA
263,18.25,2.48634,29.1562,2.375,50.0312,42.4294,49.8438,31.9014,11,6.6,25,135,sseo07,140603,0,NA,0,000,38.8252,-80.1161,NA,NA,96,6.75,1.73773,NA,NA,NA
264,6.78125,2.34375,9.5625,0.59375,45.1875,39.3179,44.3125,33.9677,6,4.51724,25,29,sseo07,140603,0,NA,0,000,49.8297,-78.614,NA,NA,20,3.0625,1.34914,NA,NA,NA
265,3.03125,0.402794,11.375,3.5625,48.0938,39.2922,40.5,31.9701,7,5.07212,25,208,sseo07,140603,0,NA,0,000,50.2135,-79.5523,NA,NA,128,1.25,0.504958,NA,NA,NA
266,1.21875,0.59375,6.125,0,45.3125,40.6719,43.9688,38.207,4,4,25,8,sseo07,140603,0,NA,0,000,39.9631,-80.3085,NA,NA,8,3.5,2.52734,NA,NA,NA
267,15.25,3.85301,17.6562,0.0625,52.4062,42.5637,51.9062,38.5347,4,3.03704,25,27,sseo07,140603,0,NA,0,000,39.4841,-80.7816,NA,NA,22,8.03125,3.6875,NA,NA,NA
268,26.875,1.79329,26.6562,0,53.0938,42.2768,52.9375,26.6899,8,4.8249,25,257,sseo07,140603,0,NA,0,000,38.3482,-81.8171,NA,NA,145,12,2.02906,12,62,98.4225
269,0.28125,-0.0172888,10.5,13.9688,44.7812,37.9251,37.0312,25.2185,10,5.00232,25,432,sseo07,140603,0,NA,0,000,27.1818,-84.5301,NA,NA,141,0.65625,0.303024,NA,NA,NA
270,54.0938,3.3027,53.7812,36.9062,53.5,42.2989,53.2812,11.4178,10,5.83244,25,561,sseo07,140603,0,NA,0,000,38.116,-84.7989,NA,NA,163,17.0312,2.46346,13,42,56.9959
271,2.09375,0.325735,26.4062,33.3125,47.8438,39.1055,46.9375,34.5338,5,3.08235,25,85,sseo07,140603,0,NA,0,000,34.7492,-86.5635,NA,NA,67,3.96875,1.23529,NA,NA,NA
272,2.21875,0.747159,24.9375,1.75,46.875,40.1307,46.5,38.4716,3,2.63636,25,11,sseo07,140603,0,NA,0,000,32.029,-87.8793,NA,NA,11,3.09375,1.64773,NA,NA,NA
273,0.0625,-0.0585151,8.5,7.1875,48.4375,40.8948,36.6562,29.4574,13,10.755,25,298,sseo07,140603,0,NA,0,000,24.4508,-91.1994,NA,NA,140,1.03125,0.530411,NA,NA,NA
274,231.531,8.26297,81.5625,13.75,56.4375,43.4723,56.1875,6.80242,22,10.329,25,1222,sseo07,140603,0,231.531,0,003,41.0312,-93.5418,106.606,96,320,27.1562,2.23179,27.1562,147,128.863
275,0.75,0.00728771,2,1.78125,46.1875,38.5249,35.6562,8.81717,7,3.5488,25,789,sseo07,140603,0,NA,0,000,44.5492,-95.1765,NA,NA,94,2.96875,1.13185,NA,NA,NA
276,137.625,8.16148,38.0938,24.2188,57.125,43.8036,53,19.9471,24,12.7218,25,1833,sseo07,140603,0,150.781,0,003,42.248,-96.9517,140.575,195,856,21.125,3.60021,21.125,321,172.096
277,20.5938,1.48188,23.8438,15.0938,53.4375,40.9456,47.3125,28.471,16,7.90478,25,2426,sseo07,140603,0,NA,0,000,44.4431,-98.6038,NA,NA,1575,7.34375,1.95181,NA,NA,NA
278,61.6562,2.7084,1.3125,0,44.3125,39.7504,35.25,-9.2233,14,11.6358,25,151,sseo07,140603,0,61.6562,0,000,40.9779,-99.027,73.1412,22,12,18.5312,2.02173,18.6875,63,109.509
279,239.281,7.78466,24.0625,11.5938,53.1875,42.2114,50.7812,26.4891,26,9.84331,25,1787,sseo07,140603,0,239.281,0,003,43.8025,-102.614,132.306,125,1116,23.3438,2.43671,23.3438,171,157.512
280,4.28125,0.37367,20.7812,0.9375,46.6875,39.6981,46.375,33.1569,7,4.74468,25,47,sseo07,140603,0,NA,0,000,47.0101,-104.403,NA,NA,30,7.65625,2.01928,NA,NA,NA
281,0.0625,-0.0571338,12.5938,11.625,52.5312,41.4678,38.9062,27.5691,13,5.84848,25,99,sseo07,140603,0,NA,0,000,46.6005,-105.172,NA,NA,42,3.71875,1.05619,NA,NA,NA
282,1.21875,0.127222,22.1875,20.625,48,39.8746,43.5938,30.0277,9,6.04014,26,872,sseo07,140603,0,NA,0,000,45.8979,-72.1913,NA,NA,580,2.15625,0.704738,NA,NA,NA
283,7.75,1.02826,23.4688,16.7188,48.875,41.4624,45,33.5374,10,4.8953,26,659,sseo07,140603,0,NA,0,000,49.9124,-71.5508,NA,NA,491,2.21875,0.849393,NA,NA,NA
284,0.59375,0.224265,8.46875,0,46.375,39.9816,41.875,33.4715,5,3.82353,26,34,sseo07,140603,0,NA,0,000,44.108,-74.6015,NA,NA,25,2.03125,1.07721,NA,NA,NA
285,22.9375,1.95568,15.625,0,49.4688,41.3852,46.2812,30.5835,7,5.10204,26,98,sseo07,140603,0,NA,0,000,47.1943,-74.7288,NA,NA,61,4.03125,0.968112,NA,NA,NA
286,6.78125,2.30837,20.5938,7.1875,50.2188,40.7801,49.7188,35.681,8,7.0566,26,53,sseo07,140603,0,NA,0,000,46.3578,-74.9665,NA,NA,44,5.40625,2.14682,NA,NA,NA
287,4.34375,1.79125,9.3125,0.03125,46.4062,38.7775,46.1875,37.5225,8,6.16,26,25,sseo07,140603,0,NA,0,000,45.7269,-75.3251,NA,NA,25,2.6875,1.58625,NA,NA,NA
288,2.78125,0.384572,30.9375,19.0938,46.9062,39.9882,46.625,39.0802,6,3.81081,26,111,sseo07,140603,0,NA,0,000,24.115,-79.3614,NA,NA,108,1.6875,0.826577,NA,NA,NA
289,0.0625,-0.0131579,8.75,1.28125,44.9375,39.75,32.2188,28.3043,11,8.47368,26,19,sseo07,140603,0,NA,0,000,50.912,-75.7317,NA,NA,5,1.28125,0.833882,NA,NA,NA
290,16.5938,2.49085,16.375,0.3125,46.7812,41.516,44.25,33.6204,7,5.63415,26,41,sseo07,140603,0,NA,0,000,40.7957,-77.8069,NA,NA,29,4.34375,1.28506,NA,NA,NA
291,24.4062,1.93723,24.625,4.125,50.1875,42.5543,46.5625,33.0647,7,4.95614,26,114,sseo07,140603,0,NA,0,000,38.5137,-80.0161,NA,NA,83,5.5625,1.21053,NA,NA,NA
292,4.78125,1.15927,9.4375,1.21875,45.7812,39.1976,43.1562,32.1371,6,4.83871,26,31,sseo07,140603,0,NA,0,000,50.2174,-78.3234,NA,NA,22,2.75,1.03125,NA,NA,NA
293,1.46875,0.525454,12.0312,4.84375,45.6875,38.651,39.3125,33.3614,7,6.16129,26,124,sseo07,140603,0,NA,0,000,50.4917,-79.151,NA,NA,95,1.09375,0.576361,NA,NA,NA
294,69.5,2.68428,41.6875,0.59375,51.6875,42.3422,50.6875,17.6081,7,3.52451,26,204,sseo07,140603,0,69.5,0,000,37.9527,-81.5257,22.3088,9,91,14.3438,1.61566,14.3438,41,71.938
295,2.5625,0.337358,24.0938,2.28125,46.75,39.8651,46.5938,33.6903,5,3.5,26,44,sseo07,140603,0,NA,0,000,33.2954,-83.2047,NA,NA,30,3,0.987926,NA,NA,NA
296,0.3125,-0.0162109,6.21875,8.375,45.0938,37.5082,34.4688,22.5891,10,5.03438,26,320,sseo07,140603,0,NA,0,000,27.2033,-84.5463,NA,NA,26,0.71875,0.274121,NA,NA,NA
297,73.5938,2.9287,43.8438,35.9688,55.0625,42.1561,50.75,19.3251,10,5.71167,26,437,sseo07,140603,0,73.5938,0,000,37.9619,-84.1384,40.8364,23,198,16.375,1.66526,16.375,44,62.0592
298,14.25,1.21283,31.7188,17.9375,48,40.4231,47.5938,13.1037,6,3.25,26,132,sseo07,140603,0,NA,0,000,37.7726,-86.0195,NA,NA,43,8.5,1.35204,NA,NA,NA
299,2.1875,0.379596,43.9375,23.4375,47.8438,40.1994,47.625,34.0441,4,3.20588,26,34,sseo07,140603,0,NA,0,000,34.6898,-86.8109,NA,NA,24,4.8125,1.53676,NA,NA,NA
300,-0.03125,-0.03125,6.875,8.5,49.6562,40.4669,36.7812,27.582,13,10.2534,26,292,sseo07,140603,0,NA,0,000,24.4199,-91.1924,NA,NA,107,1.09375,0.452162,NA,NA,NA
301,2.5625,0.901989,16.125,2.6875,44.5312,39.1648,44.25,37.9233,5,3.63636,26,22,sseo07,140603,0,NA,0,000,31.3165,-91.1525,NA,NA,22,2.03125,1.41903,NA,NA,NA
302,243.906,8.39285,85.9062,44.7812,55.3125,43.6553,53.6875,15.1512,23,11.0785,26,1350,sseo07,140603,0,243.906,0,003,40.8673,-93.0329,106.771,102,489,27.75,2.26095,27.75,156,120.775
303,0.4375,-0.0128303,2.375,1.1875,45.25,38.9893,31.8438,3.90644,6,2.80894,26,492,sseo07,140603,0,NA,0,000,44.5007,-94.078,NA,NA,7,2.1875,0.995871,NA,NA,NA
304,149.844,8.9101,62.0312,35.25,55.3125,44.3654,54.875,23.2931,25,11.6905,26,2430,sseo07,140603,0,124.719,0,003,42.226,-96.1985,82.8994,66,1253,20.2812,3.06007,20.2812,384,197.614
305,17.6875,1.64773,22.7812,23.8438,54.125,40.9464,48.1562,26.4339,17,8.23522,26,2487,sseo07,140603,0,NA,0,000,44.3053,-97.9193,NA,NA,1516,6.28125,1.66845,NA,NA,NA
306,59.8438,4.08535,1.40625,0,45.25,40.5344,36.1875,-1.02317,21,13.6716,26,201,sseo07,140603,0,62.6562,0,000,41.0036,-98.1676,108.82,51,13,15.0312,2.4871,17.25,82,129.871
307,244.312,11.8975,30.5625,7.21875,53.0938,42.6622,48.9375,28.0946,25,10.8668,26,1531,sseo07,140603,0,244.312,0,003,43.411,-101.477,154.626,214,922,23.875,3.25718,23.875,265,166.654
308,2.40625,0.273962,13.8438,16.25,50.125,40.639,38.7188,28.2326,9,5.08127,26,283,sseo07,140603,0,NA,0,000,46.0733,-103.716,NA,NA,162,3.0625,1.00563,NA,NA,NA
309,5.125,0.549592,29.5,11.7188,49.0312,40.6359,48.8125,38.1814,5,3.13043,26,46,sseo07,140603,0,NA,0,000,24.1566,-99.5752,NA,NA,41,5.8125,2.1481,NA,NA,NA
310,4.90625,0.0598467,29.7188,20.7812,46.1562,40.492,45.5938,16.2588,7,4.82075,26,106,sseo07,140603,0,NA,0,000,47.0436,-104.181,NA,NA,31,7.875,1.46787,NA,NA,NA
311,1.0625,0.00613839,5.84375,1.6875,49,39.8281,37.3438,28.0753,11,10.2589,26,112,sseo07,140603,0,NA,0,000,50.1181,-106.516,NA,NA,54,2.25,1.12277,NA,NA,NA
312,6.65625,0.614224,12,0,46.375,41.0138,46.125,38.1862,13,9.77241,26,145,sseo07,140603,0,NA,0,000,48.2199,-105.992,NA,NA,132,5.59375,2.48621,NA,NA,NA
313,1.28125,0.145683,13.6562,8.46875,47.5312,39.7617,42.0625,33.6347,7,4.51079,27,139,sseo07,140603,0,NA,0,000,43.6906,-71.9152,NA,NA,111,1.59375,0.767086,NA,NA,NA
314,5.9375,1.27401,21.625,13.0312,45.4688,39.5253,41.7812,32.3054,10,5.25909,27,220,sseo07,140603,0,NA,0,000,50.2341,-71.3967,NA,NA,153,2.125,1.03011,NA,NA,NA
315,10.6875,1.66016,10.4062,0,45.8438,39.4369,43.125,32.5541,7,4.30357,27,56,sseo07,140603,0,NA,0,000,47.4723,-74.2322,NA,NA,42,2.84375,0.970982,NA,NA,NA
316,9.03125,2.69735,24.2188,20.5938,51.125,40.6273,51.0625,36.9386,9,6.77477,27,111,sseo07,140603,0,NA,0,000,46.5021,-74.6032,NA,NA,100,5.03125,1.96593,NA,NA,NA
317,2.84375,0.836538,14.5938,0,47,39.5877,45.5625,29.5168,4,2.42308,27,26,sseo07,140603,0,NA,0,000,41.0681,-75.4635,NA,NA,15,5.03125,2.05168,NA,NA,NA
318,4.0625,0.765473,37.9062,30.9375,47.9375,40.9126,47.4375,39.1751,6,4.26214,27,103,sseo07,140603,0,NA,0,000,24.0806,-79.3426,NA,NA,102,2,0.941748,NA,NA,NA
319,0.0625,-0.0525568,2.78125,0,45.9062,39.0071,31.8438,23.6264,6,5.63636,27,22,sseo07,140603,0,NA,0,000,40.667,-77.3463,NA,NA,4,0.90625,0.612216,NA,NA,NA
320,10.0625,1.06593,24.0625,5.53125,48.5625,40.9992,44.0312,32.234,7,4.76829,27,82,sseo07,140603,0,NA,0,000,38.2847,-79.8863,NA,NA,57,3.6875,1.12043,NA,NA,NA
321,1.46875,0.486607,11.375,0.09375,48.7812,40.3136,46.9062,37.5045,5,4.67857,27,28,sseo07,140603,0,NA,0,000,39.026,-80.2273,NA,NA,25,5.875,3.04464,NA,NA,NA
322,3.25,0.959375,14.0938,11.7188,44.5,39.6598,43.2812,34.3292,8,6.68,27,150,sseo07,140603,0,NA,0,000,50.7136,-78.931,NA,NA,118,1.6875,0.789792,NA,NA,NA
323,32.5938,1.47623,43.875,10.8125,52.1875,41.0064,52.0625,23.1826,7,3.92157,27,255,sseo07,140603,0,NA,0,000,37.8415,-81.6306,NA,NA,143,11.1562,1.51213,11.1562,24,54.3779
324,0.65625,0.135417,6.6875,0,45.5312,39.7135,44.2812,38.0365,7,5.83333,27,12,sseo07,140603,0,NA,0,000,38.872,-81.3793,NA,NA,12,4.25,2.46875,NA,NA,NA
325,2.65625,0.182692,23.625,8.6875,46.4688,39.9477,42.7188,30.4375,5,3.71154,27,52,sseo07,140603,0,NA,0,000,33.1733,-83.0879,NA,NA,24,2.4375,0.662861,NA,NA,NA
326,62.4062,2.02983,44.4375,24.375,52.3438,41.607,50.5938,23.9414,9,4.98705,27,309,sseo07,140603,0,62.4062,0,000,37.7313,-83.8254,22.05,10,146,13.0312,1.37298,13.0312,15,35.5258
327,0,-0.0617618,2.8125,4.8125,45.7188,39.6228,31.9688,22.2593,10,6.83465,27,127,sseo07,140603,0,NA,0,000,27.2403,-84.9325,NA,NA,10,0.78125,0.481791,NA,NA,NA
328,13.0625,2.04834,31.7812,29.3125,47.1562,38.8916,44.3438,28.3008,4,2.5,27,64,sseo07,140603,0,NA,0,000,37.8032,-86.3191,NA,NA,42,5.65625,1.54443,NA,NA,NA
329,-0.0625,-0.0625,5.78125,6.875,45.9062,38.9462,34.5,24.5932,13,10.6558,27,215,sseo07,140603,0,NA,0,000,24.377,-91.4647,NA,NA,39,0.9375,0.494622,NA,NA,NA
330,183.438,6.60127,47.5625,76.8438,58.4688,44.1236,55.1875,24.0564,22,10.7731,27,1296,sseo07,140603,0,183.438,0,003,40.6599,-92.6298,108.712,102,677,26.5625,2.39374,26.5625,151,125.587
331,184.906,9.84114,56.5,35.4688,59.0625,44.4456,54.5,27.7405,25,11.2451,27,3064,sseo07,140603,0,79.0938,0,003,42.0532,-95.5522,108.633,55,1939,16.9688,2.89267,15.4375,105,150.129
332,22.0938,1.20187,21.5312,22.7812,52.3125,40.6944,48.8438,24.0656,18,8.33752,27,2308,sseo07,140603,0,NA,0,000,44.1896,-97.1563,NA,NA,1280,8.4375,1.62095,NA,NA,NA
333,76.875,6.8269,20.4062,13.0625,52.9375,42.5772,47.5312,30.6623,24,10.6235,27,1721,sseo07,140603,0,78.9375,0,000,43.4554,-100.626,150.45,227,1248,14.5312,2.46483,15.4688,245,158.85
334,1.0625,0.206664,6.40625,10.8125,47,39.5285,35.8125,29.2348,9,5.45856,27,181,sseo07,140603,0,NA,0,000,45.6559,-102.951,NA,NA,105,1.96875,0.736188,NA,NA,NA
335,14.5,1.00729,46.6875,19.1562,47.8438,41.5938,47.5,31.4826,6,3.39167,27,120,sseo07,140603,0,NA,0,000,24.0009,-99.7212,NA,NA,79,6.4375,2.01641,NA,NA,NA
336,1.28125,-0.0226293,16.9688,29.7188,50.375,38.9267,38.9062,18.0468,9,6.42069,27,145,sseo07,140603,0,NA,0,000,46.7446,-104.118,NA,NA,37,6.53125,1.06185,NA,NA,NA
337,7.75,0.427244,13.5,12,51.625,42.3385,42.625,35.0812,13,10.6256,27,390,sseo07,140603,0,NA,0,000,48.1249,-105.64,NA,NA,350,5.4375,1.80264,NA,NA,NA
338,5.21875,0.321851,13.625,5.5,51.0938,40.7285,41.9375,31.676,11,7.68561,27,264,sseo07,140603,0,NA,0,000,49.8585,-106.305,NA,NA,163,4.25,1.09233,NA,NA,NA
339,1.59375,0.399809,12.8438,8.875,49.2188,39.5024,41.0938,35.7385,8,4.23664,28,131,sseo07,140603,0,NA,0,000,43.6934,-71.6363,NA,NA,122,1.34375,0.665553,NA,NA,NA
340,0.75,0.18246,14.2812,0,46.9375,40.3992,46.5,33.9808,3,2.6129,28,31,sseo07,140603,0,NA,0,000,40.9338,-75.173,NA,NA,22,3.90625,1.62601,NA,NA,NA
341,5.25,1.2051,26.4062,19.375,45.4375,40.3412,44.8125,35.7522,8,5.52874,28,87,sseo07,140603,0,NA,0,000,46.7846,-74.3391,NA,NA,74,3,1.15409,NA,NA,NA
342,13.9062,3.07713,29.9688,1.84375,49.25,42.0698,49.0312,37.0632,4,2.93617,28,47,sseo07,140603,0,NA,0,000,40.7022,-75.6709,NA,NA,38,6.0625,2.64761,NA,NA,NA
343,4.3125,0.70463,34.1562,37.9062,49,41.909,44.3438,36.9062,7,4.72593,28,135,sseo07,140603,0,NA,0,000,24.0712,-79.3235,NA,NA,120,1.84375,0.771759,NA,NA,NA
344,3.375,0.769671,17.0312,14.0938,47.9375,40.2327,40.75,33.4308,8,6.17131,28,251,sseo07,140603,0,NA,0,000,50.7666,-78.9596,NA,NA,211,1.78125,0.790961,NA,NA,NA
345,64.5938,4.77978,50.5312,15.25,51.3438,42.2607,51.1562,25.9496,7,3.58235,28,170,sseo07,140603,0,64.5938,0,000,37.7152,-81.8239,37.9919,18,95,12.7188,2.17684,12.7188,36,57.1036
346,-0.0625,-0.0625,3.15625,3.5625,46.8125,37.978,32.5938,16.5666,10,4.65902,28,305,sseo07,140603,0,NA,0,000,27.2793,-84.5104,NA,NA,29,0.8125,0.361373,NA,NA,NA
347,28.1562,1.0824,36.7188,4.3125,53,41.1321,46.125,24.5117,7,3.4881,28,168,sseo07,140603,0,NA,0,000,37.5077,-83.8148,NA,NA,68,8.78125,1.02344,11.3438,13,33.2505
348,1,0.118056,3.625,0.28125,45.2812,38.7847,45,37.8229,3,2.38889,28,18,sseo07,140603,0,NA,0,000,37.4213,-84.7439,NA,NA,18,3.3125,1.85764,NA,NA,NA
349,4.03125,0.684375,18.0625,26.8125,46,39.6615,43.5,36.601,3,2.46667,28,30,sseo07,140603,0,NA,0,000,37.7988,-86.2083,NA,NA,27,2.75,1.30938,NA,NA,NA
350,160.188,3.45719,80.0312,34.5625,55.8438,43.5853,53.0312,16.5026,19,9.11477,28,1368,sseo07,140603,0,160.188,0,003,40.5294,-92.0681,77.0535,62,615,26.3438,1.84048,26.3438,157,134.28
351,2.5625,0.771875,7.65625,0,48.6875,41.0781,48.2812,39.8406,5,4.3,28,10,sseo07,140603,0,NA,0,000,39.0154,-91.0165,NA,NA,10,5.4375,3.10313,NA,NA,NA
352,150.875,5.48891,59.5312,52.9375,59.6875,43.1692,56.5,29.556,25,10.4394,28,6869,sseo07,140603,0,53.6562,0,003,42.8708,-96.5198,128.82,83,4506,15.4688,2.24992,15.875,180,195.037
353,-0.0625,-0.0625,3.28125,5.78125,45.125,39.0148,29.8438,20.7692,13,10.7143,28,161,sseo07,140603,0,NA,0,000,24.3552,-91.6489,NA,NA,0,0.71875,0.485637,NA,NA,NA
354,10.8125,1.11794,35.0312,21.4688,47.875,41.1847,45,34.2278,7,4.44355,28,124,sseo07,140603,0,NA,0,000,23.8973,-99.8961,NA,NA,99,6.625,1.82888,NA,NA,NA
355,2.21875,0.116786,13.0625,13.5,49.8125,39.7758,43.375,28.1292,13,7.21905,28,525,sseo07,140603,0,NA,0,000,47.935,-105.428,NA,NA,330,2.375,1.13298,NA,NA,NA
356,11.125,0.67447,15.625,13.625,49.7188,40.6837,39.2188,28.4885,9,5.8524,28,271,sseo07,140603,0,NA,0,000,49.985,-106.141,NA,NA,117,5.1875,1.18715,NA,NA,NA
357,17.8438,1.65905,33.9688,14.2812,51.7812,42.8983,51.75,30.8948,5,2.96269,29,134,sseo07,140603,0,NA,0,000,40.7682,-75.2071,NA,NA,78,6.3125,2.05434,NA,NA,NA
358,3.6875,0.635064,14.2188,8.09375,48.125,41.5694,39.5312,34.1748,7,5.54237,29,59,sseo07,140603,0,NA,0,000,47.2844,-74.0591,NA,NA,51,2.3125,0.647246,NA,NA,NA
359,2.90625,0.738498,20.5312,34.1562,47.8438,40.6973,42.875,35.201,8,5.11806,29,144,sseo07,140603,0,NA,0,000,24.0277,-79.2308,NA,NA,119,1.21875,0.659505,NA,NA,NA
360,2.78125,0.195312,10.5312,15.0938,47.7812,38.8043,37.375,31.5428,7,5.2193,29,228,sseo07,140603,0,NA,0,000,50.8504,-79.1479,NA,NA,156,1.375,0.652275,NA,NA,NA
361,34.8125,0.902514,38.4375,41.75,51.5,41.608,44.4375,23.1045,7,4.54891,29,184,sseo07,140603,0,62.625,0,000,37.5567,-81.5785,26.0796,9,101,7.59375,0.915931,10.6875,15,30.16
362,25.1562,1.19592,48.1562,1.5625,51.1875,39.9122,51.125,25.789,5,3.1844,29,141,sseo07,140603,0,NA,0,000,37.2826,-84.0303,NA,NA,62,10.125,1.37633,NA,NA,NA
363,-0.0625,-0.0625,2.84375,3.15625,46.5312,38.5288,31.0938,17.712,9,4.29259,29,270,sseo07,140603,0,NA,0,000,27.2418,-84.6717,NA,NA,19,0.75,0.365046,NA,NA,NA
364,168.312,7.0717,66,59.5312,57.3438,43.6004,55.4688,27.8723,25,10.0705,29,5746,sseo07,140603,0,70.2188,0,003,41.7842,-93.8011,127.356,96,3696,16.0312,2.4172,14.9062,741,445.806
365,1.3125,0.22309,7.75,0,45.625,39.9193,45.2188,37.8681,5,4.33333,29,36,sseo07,140603,0,NA,0,000,39.3536,-90.7919,NA,NA,35,3.15625,1.73958,NA,NA,NA
366,0.8125,-0.00584209,5.5625,5.6875,48.0312,38.8809,34.4688,22.5203,12,4.44469,29,904,sseo07,140603,0,NA,0,000,44.3442,-95.2391,NA,NA,214,1.21875,0.703125,NA,NA,NA
367,13.0625,0.915075,13.9688,16.0938,53.5625,42.2998,46.25,33.9489,23,10.8464,29,1335,sseo07,140603,0,NA,0,000,43.2903,-98.3617,NA,NA,1114,5.4375,1.35653,NA,NA,NA
368,0.3125,0.0649038,4.125,4.6875,45.8125,39.6659,34.0312,27.6142,5,3.71795,29,78,sseo07,140603,0,NA,0,000,45.0787,-101.823,NA,NA,20,1.03125,0.647837,NA,NA,NA
369,7.8125,0.479403,21,28.5,48.1875,41.2809,37.6875,33.044,8,4.17045,29,88,sseo07,140603,0,NA,0,000,23.7571,-100.099,NA,NA,72,4.65625,1.01527,NA,NA,NA
370,2.09375,0.0688597,14.4062,11.8125,51.625,40.2666,38.9375,25.1628,10,5.46316,29,285,sseo07,140603,0,NA,0,000,48.1289,-105.036,NA,NA,128,2.6875,1.0761,NA,NA,NA
371,7.59375,0.540748,10.2188,15.625,50.2812,42.0864,41.0625,30.2457,7,5.01961,29,102,sseo07,140603,0,NA,0,000,50.4185,-105.882,NA,NA,53,2.96875,1.10141,NA,NA,NA
372,2.28125,0.147021,14.3125,5.5625,47.0938,38.6085,42.9375,33.8284,7,5.82902,30,193,sseo07,140603,0,NA,0,000,38.3562,-73.1404,NA,NA,159,1.59375,0.627429,NA,NA,NA
373,17.375,1.80041,36.375,23.125,53.6562,42.7096,47.7188,29.4183,6,4.39623,30,106,sseo07,140603,0,NA,0,000,40.7227,-74.8416,NA,NA,68,6.65625,1.57812,NA,NA,NA
374,3.1875,0.809152,14.2188,1.75,47.2188,40.1116,47.1562,39.8772,8,4.82143,30,28,sseo07,140603,0,NA,0,000,23.7614,-77.6601,NA,NA,28,2.3125,1.05357,NA,NA,NA
375,1,0.408854,5.34375,0.125,44.375,39.6979,43.5312,37.4219,8,6.33333,30,12,sseo07,140603,0,NA,0,000,47.4874,-73.3728,NA,NA,12,2.25,1.3151,NA,NA,NA
376,2.4375,0.705128,20.2188,19.1875,47.5312,39.6696,42.9688,33.301,8,5.21368,30,117,sseo07,140603,0,NA,0,000,23.9836,-79.151,NA,NA,79,1.15625,0.582265,NA,NA,NA
377,-0.0625,-0.0625,2.3125,0,44.4062,39.2135,35.375,32.5955,7,6.22222,30,18,sseo07,140603,0,NA,0,000,50.5332,-75.0724,NA,NA,16,0.6875,0.296875,NA,NA,NA
378,0.46875,-0.00318471,6.03125,9.15625,44.8438,37.3706,32.875,29.8814,6,4.64331,30,157,sseo07,140603,0,NA,0,000,50.9445,-79.2904,NA,NA,90,0.78125,0.501791,NA,NA,NA
379,28.5625,1.53158,48.2188,18.9375,51.625,41.6797,46.4062,22.4232,5,2.4375,30,96,sseo07,140603,0,NA,0,000,37.0622,-84.1165,NA,NA,41,8.1875,1.10254,NA,NA,NA
380,3.78125,0.662829,14.4375,25.0312,45.6875,39.5526,45.3438,37.3306,4,3.52632,30,19,sseo07,140603,0,NA,0,000,37.4089,-84.8191,NA,NA,18,3.8125,1.89638,NA,NA,NA
381,3.25,0.850962,14.4062,0.8125,48.3125,40.7043,48,39.6851,3,2.15385,30,13,sseo07,140603,0,NA,0,000,37.472,-85.4388,NA,NA,13,6.125,2.84615,NA,NA,NA
382,9.1875,1.1153,22.25,7.03125,52.1562,39.7645,51.3438,38.8939,5,4.36207,30,58,sseo07,140603,0,NA,0,000,38.2964,-87.5227,NA,NA,58,8.3125,2.22144,NA,NA,NA
383,2.53125,0.739583,9.78125,0.84375,46.4062,40.525,46.0938,39.4562,5,4.86667,30,15,sseo07,140603,0,NA,0,000,37.6937,-88.7603,NA,NA,15,3.21875,2.07708,NA,NA,NA
384,5.96875,0.475175,14.3438,0,47.25,39.7912,46.4062,4.63581,6,5.01869,30,107,sseo07,140603,0,NA,0,000,39.5273,-90.1077,NA,NA,23,11.3125,1.61303,11.3438,23,43.8138
385,103.75,5.02298,63.5938,47.7188,56.75,43.2423,54.4062,28.8816,23,8.99957,30,7038,sseo07,140603,0,57.625,0,003,42.2757,-93.9289,128.145,75,4539,13.3125,1.9835,13.3125,694,380.872
386,0.1875,-0.0443135,8.40625,13.4688,50.6562,41.1614,38.9062,21.6124,7,4.65574,30,122,sseo07,140603,0,NA,0,000,47.8583,-104.485,NA,NA,59,1.9375,0.97874,NA,NA,NA
387,3.625,0.226786,20.3438,14.3125,47.0312,38.5924,43.2188,32.6989,7,5.42597,31,385,sseo07,140603,0,NA,0,000,38.3981,-72.7902,NA,NA,277,2.0625,0.627841,NA,NA,NA
388,18.9062,2.52963,75.0312,14.2188,53.0312,43.5318,53.0312,40.3475,9,5.84483,31,58,sseo07,140603,0,NA,0,000,23.7465,-77.6513,NA,NA,55,4.75,1.41218,NA,NA,NA
389,6.5,2.08036,14.5938,0,44.8438,39.4219,44,37.5357,4,4,31,14,sseo07,140603,0,NA,0,000,40.0049,-74.9927,NA,NA,14,3.34375,1.89286,NA,NA,NA
390,2.53125,0.797266,21.625,20.2188,46.25,38.7582,43.6562,34.5238,7,5.4,31,80,sseo07,140603,0,NA,0,000,23.9445,-79.0224,NA,NA,66,1.34375,0.640234,NA,NA,NA
391,0.96875,0.223958,12.9062,0,46.0938,39.7726,45.6562,38.0833,6,4.44444,31,18,sseo07,140603,0,NA,0,000,38.2292,-80.7284,NA,NA,18,2.78125,1.77778,NA,NA,NA
392,14.0625,1.55569,36.625,48.2188,50.875,39.7071,50.2812,29.9597,5,3.07692,31,156,sseo07,140603,0,NA,0,000,37.1819,-84.5631,NA,NA,86,8.71875,1.98257,NA,NA,NA
393,5.0625,1.2648,13.25,10.9375,48.4062,41.4819,47.9688,40.8454,4,3.78947,31,19,sseo07,140603,0,NA,0,000,37.5247,-85.7025,NA,NA,19,3.875,2.16612,NA,NA,NA
394,5.9375,0.777717,24.875,18.125,47,39.7668,46.7188,22.5804,4,2.54783,31,115,sseo07,140603,0,NA,0,000,38.2352,-87.1003,NA,NA,60,7.0625,2.15815,NA,NA,NA
395,102.656,6.02227,47.4688,65.625,57.5312,43.4866,53.4688,30.0189,22,8.74273,31,6398,sseo07,140603,0,102.656,0,003,42.0047,-92.96,289.735,592,4298,13.3438,1.97422,13.3438,669,301.041
396,2.78125,0.153201,17.0312,0.125,48,38.0259,47.625,12.263,6,5.39024,31,41,sseo07,140603,0,NA,0,000,39.1275,-89.3914,NA,NA,18,5.5,1.64482,NA,NA,NA
397,0.28125,-0.0224673,4.96875,0.5,46.6562,38.846,35.4688,26.6362,9,5.50327,31,153,sseo07,140603,0,NA,0,000,46.5393,-105.342,NA,NA,47,1.53125,0.710989,NA,NA,NA
398,3.96875,0.173606,21.0938,20.3438,49.75,39.5193,42.875,31.0971,7,5.41252,32,623,sseo07,140603,0,NA,0,000,38.0896,-72.6471,NA,NA,354,1.625,0.555979,NA,NA,NA
399,25.8125,2.35918,76.8438,75.0312,50.9375,42.9941,50.7188,40.0455,9,6.36709,32,79,sseo07,140603,0,NA,0,000,23.7766,-77.6673,NA,NA,79,4.875,1.42801,NA,NA,NA
400,3.28125,0.750977,23.1875,21.625,44.5938,38.2661,44.0938,36.8994,7,5.42188,32,64,sseo07,140603,0,NA,0,000,23.9282,-78.93,NA,NA,62,1.40625,0.759766,NA,NA,NA
401,18.4062,1.30384,47.1562,36.625,50.5625,41.2354,48.8438,27.505,5,3.15584,32,231,sseo07,140603,0,NA,0,000,37.253,-84.7914,NA,NA,127,9.1875,1.71483,NA,NA,NA
402,-0.0625,-0.0625,8.84375,2.84375,51.375,41.355,35.9688,17.7059,3,2.1,32,100,sseo07,140603,0,NA,0,000,38.1454,-86.5269,NA,NA,33,3.5,1.1675,NA,NA,NA
403,105.906,3.49676,44,47.4688,56.625,43.3991,53.6562,29.5032,20,7.39243,32,6842,sseo07,140603,0,77.875,0,003,42.1046,-92.1301,141.822,102,4461,11.4688,1.67064,11.4688,357,277.429
404,3.21875,0.66625,25.75,17,46.1562,39.5612,45.9375,39.05,8,6.08,33,25,sseo07,140603,0,NA,0,000,25.2105,-72.7637,NA,NA,25,2.46875,1.43625,NA,NA,NA
405,3.5,0.160694,18.9375,21.0938,49.7812,40.2158,42.6562,30.6177,7,5.27048,33,647,sseo07,140603,0,NA,0,000,37.7767,-72.525,NA,NA,337,1.53125,0.501739,NA,NA,NA
406,0.0625,-0.0422619,2.59375,0.28125,44.625,39.1363,33.1562,26.2905,10,9.01905,33,105,sseo07,140603,0,NA,0,000,34.0974,-74.8048,NA,NA,27,0.40625,0.217262,NA,NA,NA
407,14,1.30997,51.375,76.8438,50.7188,43.2852,49.1875,36.8573,9,6.72072,33,111,sseo07,140603,0,NA,0,000,23.8069,-77.6627,NA,NA,98,3.5625,1.07995,NA,NA,NA
408,0.6875,0.199405,5.46875,0.125,45.1875,38.9613,44.8438,36.817,6,5.04762,33,21,sseo07,140603,0,NA,0,000,49.3071,-72.9402,NA,NA,19,1.625,1.01935,NA,NA,NA
409,3.5625,0.741365,26.125,23.1875,46.625,38.4848,44.2812,37.3914,8,6.42105,33,76,sseo07,140603,0,NA,0,000,23.8997,-78.802,NA,NA,76,1.65625,0.766447,NA,NA,NA
410,7.8125,0.607143,48.9062,47.1562,48.3438,40.3462,47.9062,26.5037,5,3.09524,33,231,sseo07,140603,0,NA,0,000,37.2236,-84.8087,NA,NA,112,6.71875,1.46577,NA,NA,NA
411,73.6875,1.72508,43.5,39.9375,55,42.9717,52.875,30.9618,16,6.47547,33,6177,sseo07,140603,0,89.5938,0,000,41.9033,-91.377,107.806,80,4395,11.7812,1.48979,11.8125,127,124.927
412,1.6875,0.320043,5.5625,0,47.1562,39.2155,46.75,31.0312,6,6,33,29,sseo07,140603,0,NA,0,000,40.276,-89.1129,NA,NA,17,6.09375,2.07759,NA,NA,NA
413,0.25,0.0640244,5.65625,5,44.4062,38.4093,33.5625,28.0351,3,2.4878,33,41,sseo07,140603,0,NA,0,000,45.0429,-102.463,NA,NA,22,1.1875,0.770579,NA,NA,NA
414,4.96875,0.226615,19.375,18.9375,50.125,40.0299,43.2812,30.8216,7,4.6896,34,596,sseo07,140603,0,NA,0,000,37.7638,-72.3777,NA,NA,318,1.96875,0.515677,NA,NA,NA
415,1.53125,0.279514,12.625,0.34375,44.4062,39.6337,44.125,38.7674,7,7,34,18,sseo07,140603,0,NA,0,000,39.8193,-72.7395,NA,NA,18,1.71875,1.16319,NA,NA,NA
416,8.09375,1.08443,45.0938,51.375,49.7812,42.7952,48.5938,34.9331,10,6.53509,34,114,sseo07,140603,0,NA,0,000,23.8925,-77.7016,NA,NA,88,3.1875,0.942434,NA,NA,NA
417,4.28125,0.130569,26.2188,29.75,50.1562,40.7271,41.0312,24.034,6,3.36634,34,101,sseo07,140603,0,NA,0,000,37.2688,-84.8472,NA,NA,28,3.625,1.01114,NA,NA,NA
418,59.8438,1.06152,26.25,34.5312,53,42.8587,47.5,31.1584,16,6.31781,34,5217,sseo07,140603,0,66.875,0,000,41.8768,-90.4706,74.2316,37,3850,10.0938,1.20415,11.4375,93,116.23
419,5.6875,0.354373,9.5625,0.25,47.8125,39.9044,46.8125,34.3486,7,4.49012,34,253,sseo07,140603,0,NA,0,000,40.4267,-88.1521,NA,NA,188,6.90625,1.52001,NA,NA,NA
420,0.21875,0.00231481,3.09375,0,44.375,38.4468,36.4062,26.7934,11,8.88889,34,54,sseo07,140603,0,NA,0,000,39.2832,-92.1182,NA,NA,19,4.53125,2.53819,NA,NA,NA
421,0.1875,0.0372191,0,0,44.9062,39.4649,13.0625,-15.4982,9,8.10112,34,89,sseo07,140603,0,NA,0,000,38.5146,-92.3256,NA,NA,0,4.1875,1.73771,NA,NA,NA
422,-0.0625,-0.0625,0,0,44.5625,40.7667,-20,-20,9,8.73333,34,15,sseo07,140603,0,NA,0,000,38.1519,-92.9722,NA,NA,0,3.875,2.63333,NA,NA,NA
423,0,-0.058277,5.59375,2.1875,45.5312,40.2483,33.375,27.5068,5,4,34,37,sseo07,140603,0,NA,0,000,47.3303,-102.829,NA,NA,10,0.90625,0.695946,NA,NA,NA
424,4.71875,0.284814,19.8438,15.7812,51.375,40.7487,43.375,30.6157,7,4.64562,35,491,sseo07,140603,0,NA,0,000,37.229,-72.3056,NA,NA,257,2.03125,0.532523,NA,NA,NA
425,5.46875,1.28125,14.5625,0,46.2812,39.8152,45.7188,36.7554,9,8.52174,35,23,sseo07,140603,0,NA,0,000,34.3162,-72.613,NA,NA,22,2.65625,1.46467,NA,NA,NA
426,0.4375,0.0964506,7.03125,4.40625,46.2188,39.017,35.6875,31.8256,4,2.39506,35,81,sseo07,140603,0,NA,0,000,42.4531,-70.8976,NA,NA,68,0.875,0.530478,NA,NA,NA
427,1.28125,0.0605159,15.5938,7.78125,45.625,39.252,43.7188,32.7059,5,4.11905,35,126,sseo07,140603,0,NA,0,000,38.6521,-72.1533,NA,NA,81,1.8125,0.583085,NA,NA,NA
428,3.6875,0.572635,27.9375,5.84375,47.625,42.0228,47.3438,40.9586,7,6.43243,35,37,sseo07,140603,0,NA,0,000,39.7038,-72.5373,NA,NA,37,2.84375,1.73564,NA,NA,NA
429,6.125,0.644463,41.6875,45.0938,48.0625,41.3731,47.125,34.1445,9,5.66667,35,114,sseo07,140603,0,NA,0,000,23.9494,-77.7206,NA,NA,83,2.6875,0.734923,NA,NA,NA
430,0.6875,0.146307,15.6562,20.5,48.375,39.7539,39.875,34.9702,5,2.35227,35,88,sseo07,140603,0,NA,0,000,25.0285,-81.88,NA,NA,78,1.1875,0.623224,NA,NA,NA
431,4.4375,1.12868,12,0.25,48.0312,41.1507,47.625,39.7684,6,5.76471,35,17,sseo07,140603,0,NA,0,000,37.7628,-84.8614,NA,NA,17,3.9375,2.29044,NA,NA,NA
432,2.75,0.28375,11.4062,0,49.3438,39.425,48.9688,37.3775,5,3.04,35,25,sseo07,140603,0,NA,0,000,38.249,-84.918,NA,NA,23,6.09375,2.03,NA,NA,NA
433,1.375,0.128472,16.3438,0.46875,45.4688,39.2639,45.1875,35.1493,4,3.5,35,18,sseo07,140603,0,NA,0,000,38.0182,-85.3154,NA,NA,14,4.46875,2.14931,NA,NA,NA
434,20.9062,0.68845,23.625,22.6562,53.4375,41.1383,48.7812,30.5399,14,6.70689,35,5428,sseo07,140603,0,NA,0,000,41.7855,-89.4057,NA,NA,3620,7.59375,1.04771,NA,NA,NA
435,0.0625,-0.0546086,0.6875,0,46.375,39.3848,33.4688,0.421402,7,5.27273,35,99,sseo07,140603,0,NA,0,000,38.5062,-91.2485,NA,NA,7,3.21875,1.23074,NA,NA,NA
436,4.21875,0.109755,15.5312,8.90625,49.5625,39.4914,43.4375,27.6966,9,5.39058,36,658,sseo07,140603,0,NA,0,000,36.7961,-71.9303,NA,NA,233,2.25,0.495061,NA,NA,NA
437,6.125,1.1849,19.0625,1.28125,47.2188,41.0156,46.125,37.6152,10,9.125,36,48,sseo07,140603,0,NA,0,000,34.211,-72.3908,NA,NA,44,3,1.30729,NA,NA,NA
438,-0.0625,-0.0625,0.46875,0.1875,44.9375,39.8235,23.7188,17.0759,5,4.36364,36,77,sseo07,140603,0,NA,0,000,39.0852,-71.3562,NA,NA,0,0.53125,0.390422,NA,NA,NA
439,0.40625,0.0517004,6.28125,5.46875,47.375,40.6482,36.375,32.0563,5,2.91912,36,136,sseo07,140603,0,NA,0,000,42.4532,-70.7842,NA,NA,110,0.84375,0.553768,NA,NA,NA
440,1.6875,0.196321,20.5,12.9062,49.25,42.0459,42.7188,34.4357,5,4.47581,36,124,sseo07,140603,0,NA,0,000,38.5834,-72.0696,NA,NA,99,2.0625,0.761089,NA,NA,NA
441,4.75,0.477679,30.0312,16.1562,47.6875,42.1314,43.6562,32.5605,7,6.03175,36,63,sseo07,140603,0,NA,0,000,39.5822,-72.318,NA,NA,45,3.0625,1.36359,NA,NA,NA
442,5.65625,0.643056,21.1875,0.1875,47.3125,40.6083,46.7188,36.3854,10,9.08889,36,45,sseo07,140603,0,NA,0,000,33.0507,-74.2506,NA,NA,39,2.875,0.971528,NA,NA,NA
443,2.25,0.397917,17,0.4375,44.4688,39.6799,44.25,37.6979,9,8.6,36,45,sseo07,140603,0,NA,0,000,32.0898,-75.6243,NA,NA,44,1.59375,0.913889,NA,NA,NA
444,3.25,0.335876,32.0625,41.6875,44.5938,38.4535,44.2812,32.7082,9,5.56693,36,127,sseo07,140603,0,NA,0,000,23.9854,-77.7232,NA,NA,88,1.9375,0.579478,NA,NA,NA
445,0.90625,-0.0151515,23.6562,13.2188,46.5938,38.988,46.5,32.9211,9,7.87879,36,99,sseo07,140603,0,NA,0,000,23.8974,-78.6882,NA,NA,62,2.125,0.81029,NA,NA,NA
446,0.53125,0.138232,11.0625,15.6562,44.4062,37.6301,38.3125,32.4124,4,2.3964,36,111,sseo07,140603,0,NA,0,000,24.976,-81.8927,NA,NA,79,0.90625,0.449887,NA,NA,NA
447,0.65625,0.235294,25.2188,6.65625,46.1875,39.6085,45.9375,38.7923,4,2.70588,36,17,sseo07,140603,0,NA,0,000,25.8347,-82.0637,NA,NA,17,2.09375,1.10294,NA,NA,NA
448,2.84375,0.0523539,14.1875,0.09375,45.6562,39.4688,43.2188,21.5365,6,2.83117,36,77,sseo07,140603,0,NA,0,000,38.2271,-84.3605,NA,NA,25,4.1875,0.871347,NA,NA,NA
449,3.78125,0.502551,11,0.5625,48.3125,39.7213,48.125,37.9713,5,3.59184,36,49,sseo07,140603,0,NA,0,000,39.2024,-85.9943,NA,NA,48,4.3125,1.66071,NA,NA,NA
450,28.6875,0.758538,39.25,21.75,52.1875,40.7006,50.9375,30.7386,13,6.75545,36,4081,sseo07,140603,0,NA,0,000,41.6558,-88.4703,NA,NA,2743,10.625,1.12867,10.625,107,210.15
451,0.03125,-0.0611213,0,0,44.5,38.6673,15.5625,-12.5882,9,7.47059,36,68,sseo07,140603,0,NA,0,000,37.77,-91.6474,NA,NA,0,1.59375,0.631434,NA,NA,NA
452,1.9375,0.124534,3.9375,0.125,46.2812,38.8036,37.7812,29.2323,4,3.34328,36,67,sseo07,140603,0,NA,0,000,49.6456,-102.803,NA,NA,32,2,0.659515,NA,NA,NA
