100.0 100 99 0 0 0
100.0 100 99 0 0 0
100.0 100 99 0 0 0
100.0 100 99 0 0 0
100.0 100 99 0 0 0
100.0 100 99 0 0 0
100.0 100 99 0 0 0
100.0 100 99 0 0 0
100.0 100 99 0 0 0
100.0 100 99 0 0 0
100.0 100 99 0 0 0
100.0 100 99 0 0 0
100.0 100 99 0 0 0
100.0 100 99 0 0 0
100.0 100 99 0 0 0
100.0 100 99 0 0 0
100.0 100 99 0 0 0
100.0 100 99 0 0 0
100.0 100 99 0 0 0
100.0 100 99 0 0 0
100.0 100 99 0 0 0
100.0 100 99 0 0 0
100.0 100 99 0 0 0
100.0 100 99 0 0 0
100.0 100 99 0 0 0
100.0 100 99 0 0 0
100.0 100 99 0 0 0
100.0 100 99 0 0 0
100.0 100 99 0 0 0
100.0 100 99 0 0 0
100.0 100 99 0 0 0
100.0 100 99 0 0 0
100.0 100 99 0 0 0
100.0 100 99 0 0 0
100.0 100 99 0 0 0
100.0 100 99 0 0 0
100.0 100 99 0 0 0
100.0 100 99 0 0 0
100.0 100 99 0 0 0
100.0 100 99 0 0 0
100.0 100 99 0 0 0
100.0 100 99 0 0 0
100.0 100 99 0 0 0
100.0 100 99 0 0 0
100.0 100 99 0 0 0
100.0 100 99 0 0 0
100.0 100 99 0 0 0
100.0 100 99 0 0 0
100.0 100 99 0 0 0
99.8 100 99 1 0 0
99.6 100 99 2 0 0
99.4 100 99 3 0 0
99.2 100 99 4 0 0
99.0 99 96 5 1 0
98.4 99 96 6 1 0
97.8 99 96 7 1 0
97.2 99 96 8 1 0
96.6 99 96 9 1 0
96.0 96 91 10 2 0
95.0 96 91 11 2 0
94.0 96 91 12 2 0
93.0 96 91 13 2 0
92.0 96 91 14 2 0
91.0 91 84 15 3 0
89.6 91 84 16 3 0
88.2 91 84 17 3 0
86.8 91 84 18 3 0
85.4 91 84 19 3 0
84.0 84 75 20 4 0
82.2 84 75 21 4 0
80.4 84 75 22 4 0
78.6 84 75 23 4 0
76.8 84 75 24 4 0
75.0 75 64 25 5 0
72.8 75 64 26 5 0
70.6 75 64 27 5 0
68.4 75 64 28 5 0
66.2 75 64 29 5 0
64.0 64 51 30 6 0
61.4 64 51 31 6 0
58.8 64 51 32 6 0
56.2 64 51 33 6 0
53.6 64 51 34 6 0
51.0 51 35 35 7 0
47.8 51 35 36 7 0
44.6 51 35 37 7 0
41.4 51 35 38 7 0
38.2 51 35 39 7 0
35.0 35 19 40 8 0
31.8 35 19 41 8 0
28.6 35 19 42 8 0
25.4 35 19 43 8 0
22.2 35 19 44 8 0
19.0 19 0 45 9 0
15.2 19 0 46 9 0
11.4 19 0 47 9 0
7.6 19 0 48 9 0
3.8 19 0 49 9 0
0.0 19 0 50 9 0
-108.17 -100.17 31.94 37.94
-103.26 34.55 -102.93 34.93
100.0 0
99.8 1
99.6 2
99.4 3
99.2 4
99.0 5
98.4 6
97.8 7
97.2 8
96.6 9
96.0 10
95.0 11
94.0 12
93.0 13
92.0 14
91.0 15
89.6 16
88.2 17
86.8 18
85.4 19
84.0 20
82.2 21
80.4 22
78.6 23
76.8 24
75.0 25
72.8 26
70.6 27
68.4 28
66.2 29
64.0 30
61.4 31
58.8 32
56.2 33
53.6 34
51.0 35
47.8 36
44.6 37
41.4 38
38.2 39
35.0 40
31.8 41
28.6 42
25.4 43
22.2 44
19.0 45
15.2 46
11.4 47
7.6 48
3.8 49
0.0 50
booms!!!
Time elapsed: 0.853297948837 seconds
