Title: Lightning PHI
RefreshSeconds: 10
Font: 1, 15, 1, "Courier New"

; 15
Polygon:
    35.58, -96.88, 0, 204, 0, 100
    35.58, -96.7
    35.6, -96.68
    35.64, -96.68
    35.65, -96.67
    35.69, -96.72
    35.71, -96.8
    35.72, -96.81
    35.72, -96.86
    35.73, -96.87
    35.73, -96.97
    35.69, -97.03
    35.66, -97.03
    35.61, -96.99
    35.59, -96.95
    35.59, -96.89
    35.58, -96.88
End:

Color: 0 204 0
Line: 3, 0, "0%"
    35.58, -96.88
    35.58, -96.7
    35.6, -96.68
    35.64, -96.68
    35.65, -96.67
    35.69, -96.72
    35.71, -96.8
    35.72, -96.81
    35.72, -96.86
    35.73, -96.87
    35.73, -96.97
    35.69, -97.03
    35.66, -97.03
    35.61, -96.99
    35.59, -96.95
    35.59, -96.89
    35.58, -96.88
End:

; 66
Polygon:
    38.87, -99.8, 0, 204, 0, 100
    38.87, -99.77
    38.88, -99.76
    38.88, -99.71
    38.89, -99.7
    38.89, -99.66
    38.91, -99.64
    38.94, -99.64
    38.98, -99.62
    39.01, -99.62
    39.04, -99.6
    39.07, -99.62
    39.1, -99.68
    39.1, -99.74
    39.02, -99.82
    38.97, -99.84
    38.96, -99.83
    38.9, -99.83
    38.87, -99.8
End:

Polygon:
    38.9136363636, -99.78, 255, 255, 0, 100
    38.91, -99.68
    38.92, -99.67
    39.0, -99.6633333333
    39.03, -99.68
    39.0433333333, -99.71
    39.0277777778, -99.76
    38.99, -99.81
    38.93, -99.8
    38.9136363636, -99.78
End:

Polygon:
    38.925, -99.77, 255, 128, 0, 100
    38.92375, -99.69
    38.94, -99.6828571429
    38.98, -99.6844444444
    39.0109090909, -99.75
    39.005, -99.77
    38.98, -99.7966666667
    38.94, -99.7866666667
    38.925, -99.77
End:

Polygon:
    38.9425, -99.76, 255, 0, 0, 100
    38.9425, -99.71
    38.95, -99.704
    38.9633333333, -99.71
    38.9875, -99.76
    38.97, -99.7716666667
    38.9425, -99.76
End:

Color: 0 204 0
Line: 3, 0, "0%"
    38.87, -99.8
    38.87, -99.77
    38.88, -99.76
    38.88, -99.71
    38.89, -99.7
    38.89, -99.66
    38.91, -99.64
    38.94, -99.64
    38.98, -99.62
    39.01, -99.62
    39.04, -99.6
    39.07, -99.62
    39.1, -99.68
    39.1, -99.74
    39.02, -99.82
    38.97, -99.84
    38.96, -99.83
    38.9, -99.83
    38.87, -99.8
End:

Color: 255 255 0
Line: 3, 0, "20%"
    38.9136363636, -99.78
    38.91, -99.68
    38.92, -99.67
    39.0, -99.6633333333
    39.03, -99.68
    39.0433333333, -99.71
    39.0277777778, -99.76
    38.99, -99.81
    38.93, -99.8
    38.9136363636, -99.78
End:

Color: 255 128 0
Line: 3, 0, "40%"
    38.925, -99.77
    38.92375, -99.69
    38.94, -99.6828571429
    38.98, -99.6844444444
    39.0109090909, -99.75
    39.005, -99.77
    38.98, -99.7966666667
    38.94, -99.7866666667
    38.925, -99.77
End:

Color: 255 0 0
Line: 3, 0, "60%"
    38.9425, -99.76
    38.9425, -99.71
    38.95, -99.704
    38.9633333333, -99.71
    38.9875, -99.76
    38.97, -99.7716666667
    38.9425, -99.76
End:

; 1
Polygon:
    35.17, -95.87, 0, 204, 0, 100
    35.17, -95.81
    35.18, -95.8
    35.18, -95.63
    35.2, -95.59
    35.22, -95.57
    35.24, -95.58
    35.27, -95.57
    35.31, -95.59
    35.35, -95.59
    35.4, -95.64
    35.43, -95.7
    35.44, -95.76
    35.45, -95.77
    35.45, -95.8
    35.46, -95.81
    35.46, -95.84
    35.48, -95.88
    35.48, -95.91
    35.49, -95.92
    35.5, -95.99
    35.51, -96.0
    35.51, -96.03
    35.53, -96.07
    35.52, -96.08
    35.52, -96.21
    35.48, -96.25
    35.44, -96.25
    35.39, -96.2
    35.37, -96.16
    35.35, -96.14
    35.31, -96.07
    35.28, -96.04
    35.28, -96.03
    35.26, -96.01
    35.26, -96.0
    35.24, -95.98
    35.24, -95.97
    35.17, -95.87
End:

Color: 0 204 0
Line: 3, 0, "0%"
    35.17, -95.87
    35.17, -95.81
    35.18, -95.8
    35.18, -95.63
    35.2, -95.59
    35.22, -95.57
    35.24, -95.58
    35.27, -95.57
    35.31, -95.59
    35.35, -95.59
    35.4, -95.64
    35.43, -95.7
    35.44, -95.76
    35.45, -95.77
    35.45, -95.8
    35.46, -95.81
    35.46, -95.84
    35.48, -95.88
    35.48, -95.91
    35.49, -95.92
    35.5, -95.99
    35.51, -96.0
    35.51, -96.03
    35.53, -96.07
    35.52, -96.08
    35.52, -96.21
    35.48, -96.25
    35.44, -96.25
    35.39, -96.2
    35.37, -96.16
    35.35, -96.14
    35.31, -96.07
    35.28, -96.04
    35.28, -96.03
    35.26, -96.01
    35.26, -96.0
    35.24, -95.98
    35.24, -95.97
    35.17, -95.87
End:

; 70
Polygon:
    35.73, -96.61, 0, 204, 0, 100
    35.74, -96.57
    35.75, -96.56
    35.75, -96.54
    35.76, -96.53
    35.81, -96.53
    35.85, -96.51
    35.94, -96.51
    35.95, -96.5
    35.99, -96.5
    36.02, -96.53
    36.02, -96.57
    36.03, -96.58
    36.03, -96.63
    36.04, -96.64
    36.04, -96.67
    36.02, -96.69
    35.98, -96.71
    35.95, -96.71
    35.91, -96.73
    35.88, -96.73
    35.76, -96.67
    35.73, -96.61
End:

Polygon:
    35.81, -96.61, 255, 255, 0, 100
    35.83, -96.6
    35.842, -96.57
    35.87, -96.5522222222
    35.94, -96.53
    35.99, -96.53
    36.0, -96.54
    36.02, -96.66
    35.98, -96.68
    35.95, -96.683
    35.81, -96.61
End:

Polygon:
    35.875, -96.59, 255, 128, 0, 100
    35.87875, -96.57
    35.89, -96.562
    35.95, -96.5426666667
    35.98, -96.5426666667
    35.9884615385, -96.55
    36.0058333333, -96.65
    35.98, -96.6658333333
    35.96, -96.6658333333
    35.8825, -96.61
    35.875, -96.59
End:

Polygon:
    35.906, -96.59, 255, 0, 0, 100
    35.905, -96.58
    35.92, -96.57
    35.97, -96.56
    35.982, -96.6
    35.98, -96.645
    35.97, -96.65
    35.916, -96.61
    35.906, -96.59
End:

Color: 0 204 0
Line: 3, 0, "0%"
    35.73, -96.61
    35.74, -96.57
    35.75, -96.56
    35.75, -96.54
    35.76, -96.53
    35.81, -96.53
    35.85, -96.51
    35.94, -96.51
    35.95, -96.5
    35.99, -96.5
    36.02, -96.53
    36.02, -96.57
    36.03, -96.58
    36.03, -96.63
    36.04, -96.64
    36.04, -96.67
    36.02, -96.69
    35.98, -96.71
    35.95, -96.71
    35.91, -96.73
    35.88, -96.73
    35.76, -96.67
    35.73, -96.61
End:

Color: 255 255 0
Line: 3, 0, "20%"
    35.81, -96.61
    35.83, -96.6
    35.842, -96.57
    35.87, -96.5522222222
    35.94, -96.53
    35.99, -96.53
    36.0, -96.54
    36.02, -96.66
    35.98, -96.68
    35.95, -96.683
    35.81, -96.61
End:

Color: 255 128 0
Line: 3, 0, "40%"
    35.875, -96.59
    35.87875, -96.57
    35.89, -96.562
    35.95, -96.5426666667
    35.98, -96.5426666667
    35.9884615385, -96.55
    36.0058333333, -96.65
    35.98, -96.6658333333
    35.96, -96.6658333333
    35.8825, -96.61
    35.875, -96.59
End:

Color: 255 0 0
Line: 3, 0, "60%"
    35.906, -96.59
    35.905, -96.58
    35.92, -96.57
    35.97, -96.56
    35.982, -96.6
    35.98, -96.645
    35.97, -96.65
    35.916, -96.61
    35.906, -96.59
End:

