Title: Severe PHI
RefreshSeconds: 10
Font: 1, 15, 1, "Courier New"

; 97
Polygon:
    42.49, -94.27, 0, 204, 0, 100
    42.49, -94.19
    42.51, -94.15
    42.51, -94.12
    42.59, -94.02
    42.62, -94.02
    42.67, -94.05
    42.69, -94.05
    42.74, -94.1
    42.74, -94.11
    42.76, -94.13
    42.76, -94.15
    42.78, -94.17
    42.78, -94.27
    42.77, -94.28
    42.76, -94.38
    42.75, -94.39
    42.75, -94.42
    42.74, -94.43
    42.73, -94.53
    42.72, -94.54
    42.72, -94.57
    42.71, -94.58
    42.71, -94.63
    42.7, -94.64
    42.69, -94.74
    42.68, -94.75
    42.68, -94.81
    42.66, -94.83
    42.66, -94.84
    42.63, -94.86
    42.57, -94.86
    42.54, -94.8
    42.54, -94.68
    42.53, -94.67
    42.52, -94.46
    42.51, -94.45
    42.5, -94.28
    42.49, -94.27
End:

Polygon:
    42.5385714286, -94.35, 255, 255, 0, 100
    42.5414285714, -94.26
    42.5328571429, -94.24
    42.5342857143, -94.21
    42.5633333333, -94.12
    42.61, -94.07
    42.678, -94.1
    42.7357142857, -94.19
    42.7244444444, -94.35
    42.7066666667, -94.42
    42.7075, -94.47
    42.6966666667, -94.56
    42.6893333333, -94.57
    42.67625, -94.73
    42.66625, -94.75
    42.66625, -94.8
    42.64625, -94.83
    42.62, -94.84625
    42.58, -94.84625
    42.5555, -94.79
    42.5523076923, -94.56
    42.5441666667, -94.53
    42.55, -94.45
    42.5385714286, -94.35
End:

Polygon:
    42.5592857143, -94.53, 255, 128, 0, 100
    42.5722222222, -94.44
    42.5675, -94.36
    42.5585714286, -94.33
    42.5733333333, -94.28
    42.566, -94.22
    42.59, -94.14
    42.62, -94.11
    42.6625, -94.13
    42.704, -94.21
    42.696, -94.27
    42.7025, -94.33
    42.684, -94.4
    42.6883333333, -94.5
    42.67625, -94.57
    42.6739130435, -94.66
    42.6659090909, -94.68
    42.6677272727, -94.73
    42.6581481481, -94.75
    42.6577272727, -94.8
    42.62, -94.8377272727
    42.58, -94.8328571429
    42.5652380952, -94.79
    42.5666666667, -94.56
    42.5592857143, -94.53
End:

Polygon:
    42.5792592593, -94.81, 255, 0, 0, 100
    42.573, -94.78
    42.5742857143, -94.62
    42.5833333333, -94.54
    42.5777777778, -94.52
    42.6028571429, -94.42
    42.6, -94.33
    42.615, -94.3
    42.615, -94.27
    42.62, -94.26
    42.63, -94.26
    42.665, -94.32
    42.64, -94.41
    42.67, -94.49
    42.6642105263, -94.66
    42.6565, -94.68
    42.6607407407, -94.72
    42.652173913, -94.74
    42.6483333333, -94.8
    42.632173913, -94.82
    42.614, -94.83
    42.59, -94.8307407407
    42.5792592593, -94.81
End:

Polygon:
    42.5894736842, -94.81, 255, 0, 255, 100
    42.5869230769, -94.68
    42.6033333333, -94.57
    42.62, -94.55
    42.6466666667, -94.62
    42.6505263158, -94.72
    42.635, -94.8
    42.61, -94.8205263158
    42.5894736842, -94.81
End:

Color: 0 204 0
Line: 3, 0, "0%"
    42.49, -94.27
    42.49, -94.19
    42.51, -94.15
    42.51, -94.12
    42.59, -94.02
    42.62, -94.02
    42.67, -94.05
    42.69, -94.05
    42.74, -94.1
    42.74, -94.11
    42.76, -94.13
    42.76, -94.15
    42.78, -94.17
    42.78, -94.27
    42.77, -94.28
    42.76, -94.38
    42.75, -94.39
    42.75, -94.42
    42.74, -94.43
    42.73, -94.53
    42.72, -94.54
    42.72, -94.57
    42.71, -94.58
    42.71, -94.63
    42.7, -94.64
    42.69, -94.74
    42.68, -94.75
    42.68, -94.81
    42.66, -94.83
    42.66, -94.84
    42.63, -94.86
    42.57, -94.86
    42.54, -94.8
    42.54, -94.68
    42.53, -94.67
    42.52, -94.46
    42.51, -94.45
    42.5, -94.28
    42.49, -94.27
End:

Color: 255 255 0
Line: 3, 0, "20%"
    42.5385714286, -94.35
    42.5414285714, -94.26
    42.5328571429, -94.24
    42.5342857143, -94.21
    42.5633333333, -94.12
    42.61, -94.07
    42.678, -94.1
    42.7357142857, -94.19
    42.7244444444, -94.35
    42.7066666667, -94.42
    42.7075, -94.47
    42.6966666667, -94.56
    42.6893333333, -94.57
    42.67625, -94.73
    42.66625, -94.75
    42.66625, -94.8
    42.64625, -94.83
    42.62, -94.84625
    42.58, -94.84625
    42.5555, -94.79
    42.5523076923, -94.56
    42.5441666667, -94.53
    42.55, -94.45
    42.5385714286, -94.35
End:

Color: 255 128 0
Line: 3, 0, "40%"
    42.5592857143, -94.53
    42.5722222222, -94.44
    42.5675, -94.36
    42.5585714286, -94.33
    42.5733333333, -94.28
    42.566, -94.22
    42.59, -94.14
    42.62, -94.11
    42.6625, -94.13
    42.704, -94.21
    42.696, -94.27
    42.7025, -94.33
    42.684, -94.4
    42.6883333333, -94.5
    42.67625, -94.57
    42.6739130435, -94.66
    42.6659090909, -94.68
    42.6677272727, -94.73
    42.6581481481, -94.75
    42.6577272727, -94.8
    42.62, -94.8377272727
    42.58, -94.8328571429
    42.5652380952, -94.79
    42.5666666667, -94.56
    42.5592857143, -94.53
End:

Color: 255 0 0
Line: 3, 0, "60%"
    42.5792592593, -94.81
    42.573, -94.78
    42.5742857143, -94.62
    42.5833333333, -94.54
    42.5777777778, -94.52
    42.6028571429, -94.42
    42.6, -94.33
    42.615, -94.3
    42.615, -94.27
    42.62, -94.26
    42.63, -94.26
    42.665, -94.32
    42.64, -94.41
    42.67, -94.49
    42.6642105263, -94.66
    42.6565, -94.68
    42.6607407407, -94.72
    42.652173913, -94.74
    42.6483333333, -94.8
    42.632173913, -94.82
    42.614, -94.83
    42.59, -94.8307407407
    42.5792592593, -94.81
End:

Color: 255 0 255
Line: 3, 0, "80%"
    42.5894736842, -94.81
    42.5869230769, -94.68
    42.6033333333, -94.57
    42.62, -94.55
    42.6466666667, -94.62
    42.6505263158, -94.72
    42.635, -94.8
    42.61, -94.8205263158
    42.5894736842, -94.81
End:

